Datetime,Open,High,Low,Close,Volume,1,2,3,4,5,6
1567900800000,10000,10412.65,10000,10391.63,3096.291,1567987199999,32096280.44997,3754,0.039,393.35627,0
1567987200000,10316.62,10475.54,10077.22,10307,14824.373,1568073599999,152447209.57153,11296,5452.451,56197395.22191,0
1568073600000,10307,10382.97,9940.87,10102.02,9068.955,1568159999999,92717645.17470,10089,6395.462,65526356.95107,0
1568160000000,10094.27,10293.11,9884.31,10159.55,10897.922,1568246399999,109786235.83974,13811,7724.442,77841159.69945,0
1568246400000,10163.06,10450.13,10042.12,10415.13,15609.634,1568332799999,159494237.43414,20060,10117.798,103160660.48429,0
1568332800000,10414.96,10440.55,10153.51,10341.34,19252.721,1568419199999,198205401.80487,29249,9717.128,100083062.05222,0
1568419200000,10343.01,10419.97,10222.77,10332.25,20656.624,1568505599999,213270510.33553,30436,9522.547,98347059.96283,0
1568505600000,10333.47,10359.20,10024.81,10302.22,20536.255,1568591999999,211512546.03807,25912,7430.161,76527442.09982,0
1568592000000,10302,10353.81,10080.70,10249.27,20185.637,1568678399999,206767492.67183,31837,6954.582,71177496.13928,0
1568678400000,10257.30,10270.63,10136.77,10186.52,22519.607,1568764799999,229911548.18276,31535,12669.109,129336069.82540,0
1568764800000,10183.87,10256.65,10097.92,10155.16,20832.895,1568851199999,212309755.01688,30799,13464.203,137250597.56858,0
1568851200000,10154.70,10331.62,9530.02,10245.30,26228.754,1568937599999,262112110.02615,41871,10213.792,102471541.32640,0
1568937600000,10247.70,10279.30,10070.50,10166.35,23265.910,1569023999999,236683803.67808,31054,9517.128,96905407.08332,0
1569024000000,10166.56,10175.30,9912.63,9983.33,23642.387,1569110399999,237320660.25696,32670,8219.618,82449521.73411,0
1569110400000,9992.70,10089.52,9857,10023.04,23916.354,1569196799999,238688620.33846,33401,10466.395,104504245.65882,0
1569196800000,10027.69,10046.91,9620,9701.96,31927.062,1569283199999,314749491.62710,42190,14924.551,147226975.18317,0
1569283200000,8683.20,9792.83,8645.61,8645.61,29758.535,1569369599999,286175252.41143996,46730,14817.318,142461498.10542,0
1569369600000,8493.32,8725.24,8200,8430.07,48222.102,1569455999999,406841550.16218,85707,24972.130,210761781.75501,0
1569456000000,8428.15,8464.40,7700.67,8060.15,60065.945,1569542399999,487919029.55307,110581,29931.388,243327659.90662,0
1569542400000,8061.98,8260,7851.94,8176.52,40034.653,1569628799999,321440849.10520,80396,20960.862,168269237.30284,0
1569628800000,8178.26,8311,8001.14,8195.38,33820.919,1569715199999,275406180.40421,69220,16862.162,137291433.18531,0
1569715200000,8199,8226.35,7888.98,8041.96,35966.056,1569801599999,289320913.71819,78128,20057.619,161475890.51235,0
1569801600000,8042.08,8331.89,7709.01,8285.84,54412.520,1569887999999,436701925.16117,107329,27935.359,224211005.55634,0
1569888000000,8285.31,8499,8171,8290,39212.804,1569974399999,327218811.62991,92166,19547.744,163152006.75129,0
1569974400000,8290,8365.92,8149.35,8352.14,30329.179,1570060799999,249785989.08192,71452,13840.600,113978670.61272,0
1570060800000,8353.40,8386,8020,8220.27,33430.230,1570147199999,274334928.39047,82221,15177.823,124513346.44436,0
1570147200000,8219.95,8227.42,7979.95,8130.56,28421.111,1570233599999,230978393.31482,74683,12437.976,101062599.15354,0
1570233600000,8130,8175,8010,8122.14,30262.006,1570319999999,244744089.06028,69791,12199.701,98632706.00080,0
1570320000000,8122.01,8148.43,7760,7852.79,41909.039,1570406399999,333155725.01068,94844,19790.528,157345906.89689,0
1570406400000,7851.01,8330,7764.42,8186.88,62760.299,1570492799999,504822438.82757,115400,30547.437,246020207.22784,0
1570492800000,8188.55,8322.01,8103.88,8167.62,44715.165,1570579199999,366576763.24705,82468,20732.257,169983942.94089,0
1570579200000,8168.33,8700,8113,8559.77,65453.643,1570665599999,549731852.71201,114326,31442.175,264417929.46204,0
1570665600000,8559.77,8640.89,8419.34,8556.02,44285.668,1570751999999,377726959.91583,83861,20092.241,171338103.59999,0
1570752000000,8557,8788,8210,8255.58,69157.964,1570838399999,582172642.93171,116971,32857.382,276631930.43743,0
1570838400000,8255.54,8397.45,8248.34,8300.22,37761.514,1570924799999,314379330.82757,68373,15308.279,127444857.00206,0
1570924800000,8300.31,8456,8137.30,8274.66,43820.913,1571011199999,365285901.78075,80857,19428.260,161922305.96286,0
1571011200000,8274.33,8381.77,8205.02,8346.05,61999.821,1571097599999,514903627.22129,93034,28780.204,239007671.61254,0
1571097600000,8346.31,8408.62,8080,8160.01,86246.749,1571183999999,711597427.68430,97630,42904.665,353848388.65652,0
1571184000000,8160.55,8184,7900.24,7992.21,70434.452,1571270399999,566811841.94844,90317,37094.337,298603912.33104,0
1571270400000,7994.76,8124.63,7930,8069.20,58354.602,1571356799999,468701651.96454,80845,30214.470,242659204.06555,0
1571356800000,8069.41,8117.30,7812,7943.94,75251.352,1571443199999,597673590.50877,102381,38916.486,309267700.81598,0
1571443200000,7945.57,8108.54,7852.12,7947.13,78024.395,1571529599999,620945265.24094,98068,39948.006,317935233.11750,0
1571529600000,7947.78,8300.50,7871.17,8218.23,78663.915,1571615999999,631533255.81236,120205,40050.334,321455250.64889,0
1571616000000,8218.23,8334.57,8150,8201.74,59928.516,1571702399999,492366045.41501,100497,30160.553,247796532.58354,0
1571702400000,8201,8290,8000,8020.89,69506.880,1571788799999,568694788.53218,115709,35709.341,292256359.88044,0
1571788800000,8020.68,8047.78,7172.76,7465,108484.139,1571875199999,828695587.22741,202487,52606.530,402104914.23656,0
1571875200000,7465.18,7495.81,7337.44,7411.35,66719.534,1571961599999,495690565.11975,111756,30969.405,230099709.68439,0
1571961600000,7410.07,8800,7359,8650,165118.926,1572047999999,1351037936.49978,322189,84120.471,688544824.62459,0
1572048000000,8650,10408.48,8626.89,9232.22,248161.161,1572134399999,2322814045.64929,503375,122864.960,1150211174.50019,0
1572134400000,9234.75,9803.83,9066.07,9533.32,163544.019,1572220799999,1551811193.38667,309972,80566.537,764499120.83264,0
1572220800000,9534.37,9930.13,9156.03,9217.36,155599.975,1572307199999,1475693085.47329,279048,76273.351,723564688.41840,0
1572307200000,9215.78,9569.10,9070,9415.02,124703.014,1572393599999,1169427308.33374,242823,62048.878,581950211.43687,0
1572393600000,9415.02,9418.65,8975.72,9165.30,98464.858,1572479999999,904505540.99763,233836,48285.836,443630358.87190,0
1572480000000,9163.40,9438.64,8933,9150,98836.044,1572566399999,907028492.38510,247658,48306.456,443407541.08509,0
1572566400000,9149.88,9280,9050.27,9231.01,87256.949,1572652799999,798942104.65699,237247,43597.276,399260881.59083,0
1572652800000,9231.70,9375,9194.98,9287.80,56602.055,1572739199999,524748680.13959,163182,28059.740,260168612.43004,0
1572739200000,9288.96,9366.69,9073,9197.88,75612.722,1572825599999,695623695.12204,257133,36510.146,335956143.69011,0
1572825600000,9197.86,9550,9126.01,9395.46,90433.357,1572911999999,841596521.34874,248571,45855.157,426830045.75913,0
1572912000000,9395.47,9457.13,9164.33,9313.20,113738.226,1572998399999,1060847258.19057,276198,55746.252,520070934.39106,0
1572998400000,9313.10,9450,9259.48,9343.60,73767.911,1573084799999,689203217.44144,190226,36712.807,343050022.06348,0
1573084800000,9344.29,9381.93,9091.20,9219.64,77389.569,1573171199999,714933248.83024,178691,37470.371,346192853.59392,0
1573171200000,9221.63,9259.30,8669.85,8775.03,151851.160,1573257599999,1355101393.82227,319405,72769.692,649293540.81917,0
1573257600000,8775.60,8878,8727,8811.15,66846.392,1573343999999,588949194.26502,183364,33155.841,292132348.52347,0
1573344000000,8811.30,9187,8760,9041.31,91099.197,1573430399999,814629855.82619,245197,46128.500,412510349.46875,0
1573430400000,9041.31,9072.91,8611.11,8728.93,113373.762,1573516799999,996043073.24061,324917,54699.882,480481270.04877,0
1573516800000,8729.89,8889.06,8552.12,8817,107520.546,1573603199999,938793146.96562,287214,53715.539,469120125.09438,0
1573603200000,8817.94,8838,8712,8774.76,58585.811,1573689599999,513537401.05586,163995,28973.713,253992939.01059,0
1573689600000,8774.78,8798.06,8581.39,8642.25,87099.995,1573775999999,754801551.10366,225625,42551.679,368778066.66991,0
1573776000000,8642.47,8780,8380,8473.27,145602.497,1573862399999,1246865100.25388,368156,70893.746,607257636.23248,0
1573862400000,8473.30,8540.54,8435,8491.06,48657.040,1573948799999,412710046.69823,152747,24188.913,205184331.39861,0
1573948800000,8491.18,8631,8355.78,8504.04,72152.266,1574035199999,614653043.32686,215149,35856.741,305540218.52455,0
1574035200000,8504.13,8504.71,8050,8183.26,123477.142,1574121599999,1028202469.94838,363313,57762.941,481284030.80230,0
1574121600000,8183.30,8212.87,8000,8131.70,110854.030,1574207999999,898778770.86044,294385,55317.768,448604645.23986,0
1574208000000,8131.12,8230,8037.50,8094.05,87352.380,1574294399999,708540147.01943,241974,42908.637,348108865.77557,0
1574294400000,8094.57,8131.51,7432,7621.90,180289.189,1574380799999,1400628627.16021,412277,85629.625,665273856.38300,0
1574380800000,7621.89,7765.03,6762.73,7262.72,371213.951,1574467199999,2688155961.25170,999166,181934.585,1317759038.42699,0
1574467200000,7261.89,7345.84,7073.38,7305.99,139643.311,1574553599999,1008592734.24347,378359,69436.266,501584575.32315,0
1574553600000,7306.19,7324.92,6855.91,6900.86,183676.078,1574639999999,1303419525.39099,504021,90242.175,640683949.08767,0
1574640000000,6899.77,7386.29,6510.19,7102.03,333987.914,1574726399999,2320368143.08612,926856,166657.753,1158186261.82566,0
1574726400000,7103.34,7340.06,7011.90,7150,193962.094,1574812799999,1384559257.54580,525112,96641.345,689914525.11150,0
1574812800000,7149.97,7669.20,6850,7506.77,297842.994,1574899199999,2162938473.36819,787562,150498.289,1093383212.51908,0
1574899200000,7506.78,7643,7356,7415.79,175000.609,1574985599999,1314201480.28623,439167,86015.121,646137430.46201,0
1574985600000,7417,7850,7394.57,7736.66,185819.186,1575071999999,1415257727.65399,481870,93865.649,714816879.60473,0
1575072000000,7737.23,7800,7444.18,7542.93,141966.392,1575158399999,1081497211.80452,362290,68012.803,518148680.57396,0
1575158400000,7541.08,7541.08,7222.29,7387.38,196291.252,1575244799999,1442570909.29430,500459,96077.054,706184674.41115,0
1575244800000,7388,7416.75,7137.74,7291,143966.953,1575331199999,1049763091.44412,370901,71412.232,520828889.39926,0
1575331200000,7291.74,7404.42,7231.35,7290.86,84699.470,1575417599999,618921233.00419,233130,41922.424,306376914.66429,0
1575417600000,7290.85,7800,7070,7191,274879.481,1575503999999,2010415073.79885,593445,137506.045,1006126277.04231,0
1575504000000,7189.42,7480,7142.54,7384.99,176315.108,1575590399999,1291358111.12701,446089,88995.656,651916487.69038,0
1575590400000,7384.66,7602.44,7295.73,7522.10,136218.707,1575676799999,1009056959.83042,367352,68368.604,506601998.63610,0
1575676800000,7521.13,7616.91,7467.44,7487.20,83208.782,1575763199999,625725539.42670,223129,41704.625,313651040.56630,0
1575763200000,7487.19,7559.39,7376,7508.20,84380.338,1575849599999,631265923.89387,218684,41942.110,313824486.14444,0
1575849600000,7507.87,7676.48,7269.05,7337.49,136440.176,1575935999999,1017059787.60653,349478,66499.449,495926980.64656,0
1575936000000,7338.20,7403.71,7152,7220.98,126662.794,1576022399999,923135831.85705,294099,61838.397,450779830.92809,0
1576022400000,7220.92,7267,7117.74,7205.77,97320.727,1576108799999,701421427.95292,224496,48330.933,348364573.67675,0
1576108800000,7206.78,7295.12,7080,7194.77,140594.105,1576195199999,1009269923.91096,304604,70699.718,507632396.13088,0
1576195200000,7194.08,7298,7190,7252.98,80178.833,1576281599999,580009722.04465,187255,39706.504,287254508.29012,0
1576281600000,7252.98,7266.14,7007.86,7061.34,97837.512,1576367999999,697707778.24799,236813,46055.740,328458564.51690,0
1576368000000,7060.79,7196,7004.77,7115,87933.233,1576454399999,623906287.16733,180924,44537.104,316054323.43030,0
1576454400000,7115.45,7147.34,6831,6887.54,117597.890,1576540799999,823110567.19727,249488,55589.143,389248743.37890,0
1576540800000,6887.48,6940,6550,6618.96,166411.289,1576627199999,1119916913.96774,348899,80946.311,544935938.70641,0
1576627200000,6618.96,7479.99,6427,7277.44,328489.593,1576713599999,2241615061.57224,675369,170098.066,1162033511.32103,0
1576713600000,7278.11,7367.87,7042.82,7146.29,158849.566,1576799999999,1136320673.87998,323697,77011.059,550959774.92734,0
1576800000000,7146.29,7217.08,7078.17,7184.39,86449.566,1576886399999,618061855.49459,179313,43256.648,309304170.51910,0
1576886400000,7184.39,7185,7108,7131.01,44340.865,1576972799999,316691491.64633,99594,21922.424,156577993.45327,0
1576972800000,7131.02,7517.61,7122,7502.92,129797.395,1577059199999,948741532.63742,278563,67246.221,491804710.46426,0
1577059200000,7502.92,7691,7262,7314.01,215298.787,1577145599999,1615203184.89148,431464,104347.760,782959154.71850,0
1577145600000,7314.03,7434.55,7156.08,7252.04,149081.004,1577231999999,1087303262.61196,279760,73067.038,532985114.49884,0
1577232000000,7251.57,7267.63,7123.19,7201.45,96965.072,1577318399999,699094669.90656,174360,47370.959,341563035.21314,0
1577318400000,7201.67,7438.80,7151,7197.46,133973.533,1577404799999,973097296.81580,246938,66703.488,484623657.65528,0
1577404800000,7197.84,7270,7078.89,7248.40,112284.610,1577491199999,808407623.10806,211189,55474.655,399477860.93646,0
1577491200000,7248.40,7359.15,7235,7311.48,91292.882,1577577599999,667101749.38177,156362,44857.620,327797632.97581,0
1577577600000,7310.29,7527,7283.60,7383.67,102543.974,1577663999999,756943061.50809,186571,52979.273,391211316.81490,0
1577664000000,7383.68,7400,7215.58,7240.43,94375.362,1577750399999,689435672.16509,174925,44946.508,328331116.74958,0
1577750400000,7240.80,7319,7141,7189,89203.437,1577836799999,643792056.63886,157014,42880.850,309552260.21335,0
1577836800000,7189.43,7260.43,7170.15,7197.57,56801.329,1577923199999,409678760.56957,101871,28834.200,208001969.84595,0
1577923200000,7197.57,7209.59,6922.00,6962.04,115295.677,1578009599999,815627831.08338,224747,55404.262,391911677.42577,0
1578009600000,6962.34,7407.28,6863.44,7341.72,208493.458,1578095999999,1507313613.42952,409820,107485.965,777056807.77789,0
1578096000000,7341.60,7400.00,7269.21,7350.71,92586.033,1578182399999,678402363.73751,186349,46139.090,338139639.44063,0
1578182400000,7350.54,7495.00,7303.00,7354.36,117765.972,1578268799999,874488521.38096,238905,58447.543,434120205.45978,0
1578268800000,7354.36,7808.65,7345.00,7757.39,168150.317,1578355199999,1272203777.30362,323625,86031.412,651077883.24518,0
1578355200000,7757.74,8215.33,7733.00,8152.49,280809.162,1578441599999,2233372067.10005,526402,140703.918,1119355459.77070,0
1578441600000,8150.90,8468.42,7870.11,8059.84,321225.114,1578527999999,2644782835.79284,650971,157260.453,1295047587.12318,0
1578528000000,8059.77,8060.00,7750.01,7818.59,187263.143,1578614399999,1478591346.02358,362420,91426.059,721979491.09053,0
1578614400000,7817.91,8210.62,7670.00,8207.09,253783.948,1578700799999,2013738849.92087,542054,129373.462,1026943509.85917,0
1578700800000,8207.20,8292.19,8003.87,8020.56,164741.715,1578787199999,1338581053.96550,354690,81244.929,660268578.07588,0
1578787200000,8020.58,8195.00,7956.28,8186.70,108629.964,1578873599999,881428055.68761,243290,54658.736,443543021.84472,0
1578873600000,8186.22,8200.00,8053.78,8113.00,74581.364,1578959999999,604921759.06788,184440,36688.577,297649675.36952,0
1578960000000,8112.99,8893.00,8109.02,8825.00,290777.981,1579046399999,2496741836.26976,652920,149457.707,1283141153.07419,0
1579046400000,8825.00,8921.20,8570.52,8825.30,237633.837,1579132799999,2084078908.15777,435491,115421.367,1012516254.34404,0
1579132800000,8825.35,8868.21,8596.25,8725.08,167958.963,1579219199999,1460649456.34463,294579,83305.758,724430509.13343,0
1579219200000,8724.99,9039.00,8680.00,8918.72,205717.686,1579305599999,1827760141.13558,390463,102758.035,913167403.80218,0
1579305600000,8918.73,8995.00,8816.00,8925.00,114708.682,1579391999999,1021654832.44937,220520,57164.221,509171594.41337,0
1579392000000,8925.00,9205.30,8440.91,8705.85,225314.525,1579478399999,1990403744.33708,444795,109554.498,968352310.34136,0
1579478400000,8705.98,8750.37,8526.06,8650.00,125161.675,1579564799999,1083263125.12439,240897,60421.576,522998706.33570,0
1579564800000,8650.00,8790.10,8448.60,8742.43,107577.153,1579651199999,931932876.50871,200875,53560.546,464224799.86614,0
1579651200000,8742.78,8820.00,8585.85,8684.57,94305.496,1579737599999,819676430.85578,180455,46246.208,402021377.35119,0
1579737600000,8684.47,8694.00,8326.00,8409.60,163407.064,1579823999999,1383035382.70483,335447,79123.155,669543820.62553,0
1579824000000,8410.00,8528.00,8247.00,8441.96,144785.391,1579910399999,1217077351.53608,316370,72647.472,610835373.11839,0
1579910400000,8442.82,8455.00,8272.00,8344.64,96961.714,1579996799999,809079683.34699,186872,47660.876,397729498.38688,0
1579996800000,8344.37,8624.45,8300.00,8611.21,117898.916,1580083199999,999306483.13926,218347,61183.604,518823465.25907,0
1580083200000,8611.21,9015.48,8565.00,8913.61,172235.328,1580169599999,1511064610.55725,359034,88760.412,778817122.09944,0
1580169600000,8913.61,9436.06,8905.00,9398.98,244467.546,1580255999999,2222778105.27098,455985,123183.084,1120479865.69273,0
1580256000000,9399.72,9460.52,9242.00,9311.00,169460.643,1580342399999,1584974428.29945,338155,82813.375,774750108.56386,0
1580342400000,9311.23,9599.00,9210.42,9525.67,190137.536,1580428799999,1789181440.43438,393732,96408.369,907696824.98894,0
1580428800000,9525.67,9550.72,9220.00,9364.51,146644.026,1580515199999,1373298967.87264,266727,70753.403,662550732.90456,0
1580515200000,9364.50,9477.76,9306.00,9392.74,109040.285,1580601599999,1024210862.88076,229569,54324.089,510351956.10423,0
1580601600000,9392.99,9489.92,9160.01,9338.20,148402.977,1580687999999,1391948766.66181,285872,72902.026,684047981.73101,0
1580688000000,9340.49,9647.61,9250.00,9300.64,159049.385,1580774399999,1491076833.73277,313233,79180.283,742527413.92745,0
1580774400000,9300.63,9368.00,9105.00,9198.35,147843.902,1580860799999,1363688333.14538,282503,71776.668,662220645.49289,0
1580860800000,9198.32,9799.08,9179.88,9630.00,212311.697,1580947199999,2014987376.43659,387332,111557.886,1058639964.75721,0
1580947200000,9630.00,9884.00,9550.00,9778.12,200556.367,1581033599999,1950865328.54665,366953,98843.932,961671262.21633,0
1581033600000,9777.97,9900.00,9736.66,9821.52,129740.767,1581119999999,1272175090.89561,244078,63763.916,625379176.99655,0
1581120000000,9821.52,9956.00,9680.55,9906.43,129267.269,1581206399999,1270369231.27298,238583,65282.120,641725121.85347,0
1581206400000,9906.09,10184.34,9892.15,10167.38,143407.013,1581292799999,1446593331.85639,270733,72981.764,736106490.59704,0
1581292800000,10167.37,10213.56,9750.00,9865.56,184242.737,1581379199999,1831546625.42966,333889,89129.888,885869924.25138,0
1581379200000,9865.56,10409.96,9729.36,10229.06,190119.815,1581465599999,1906183204.95577,381836,98272.116,985932564.88324,0
1581465600000,10230.74,10479.98,10229.71,10339.99,159674.258,1581551999999,1650500848.23864,336615,80738.924,834714299.73591,0
1581552000000,10339.64,10540.00,10101.00,10239.63,213052.717,1581638399999,2192034973.13267,454247,101980.087,1049813429.99590,0
1581638400000,10240.02,10390.00,10123.37,10356.82,130975.746,1581724799999,1345001966.03801,267110,67096.628,689188914.54797,0
1581724800000,10356.27,10389.75,9752.30,9914.99,152146.127,1581811199999,1533600988.37217,325934,70415.864,709791351.79514,0
1581811200000,9914.31,10060.45,9626.64,9921.86,141547.956,1581897599999,1398906974.55862,321449,69642.561,688533908.95615,0
1581897600000,9921.87,9971.00,9461.89,9716.00,185338.179,1581983999999,1795989784.48734,399493,89956.126,871881279.69935,0
1581984000000,9716.00,10270.00,9598.00,10174.32,166119.369,1582070399999,1642320613.87592,398826,84019.968,831000734.63062,0
1582070400000,10174.53,10286.00,9293.07,9593.65,187495.927,1582156799999,1861820032.84195,442535,86400.201,858942080.38769,0
1582156800000,9593.31,9700.00,9382.59,9601.99,143105.587,1582243199999,1370467343.18510,340441,69158.410,662462607.26312,0
1582243200000,9601.51,9759.59,9547.00,9681.39,98954.288,1582329599999,957995037.55100,222939,49439.472,478708044.51954,0
1582329600000,9681.39,9710.70,9565.00,9659.20,58419.547,1582415999999,563688224.30407,137989,29109.510,280905403.94001,0
1582416000000,9658.95,10018.90,9657.00,9943.12,97134.358,1582502399999,959596142.38798,229104,49886.568,492833810.65496,0
1582502400000,9943.12,10000.00,9487.38,9662.95,157965.671,1582588799999,1535789024.65726,357670,73688.386,716559068.76857,0
1582588800000,9662.88,9686.78,9247.00,9326.00,168641.725,1582675199999,1596316068.55609,370353,80606.877,763338066.82431,0
1582675200000,9326.00,9384.00,8610.00,8792.22,267005.172,1582761599999,2409004404.57587,594555,125256.227,1130195815.13983,0
1582761600000,8793.96,8978.00,8533.90,8828.00,200638.488,1582847999999,1763578868.15436,447761,99331.859,873383824.34582,0
1582848000000,8827.12,8908.86,8450.00,8699.57,196066.110,1582934399999,1698656157.08208,479621,97577.393,845846202.83792,0
1582934400000,8699.86,8799.83,8530.00,8531.98,103524.685,1583020799999,898160923.81681,217411,49487.071,429493104.73495,0
1583020800000,8532.50,8762.24,8409.00,8537.84,174332.916,1583107199999,1494294629.10932,346326,85613.610,734002269.82985,0
1583107200000,8537.84,8972.00,8504.95,8919.70,160294.484,1583193599999,1405207928.76918,330286,83302.183,730389307.53473,0
1583193600000,8919.70,8922.34,8657.41,8765.00,160123.605,1583279999999,1406716868.87184,331015,77472.254,680849226.52919,0
1583280000000,8765.00,8853.88,8669.23,8756.93,105462.120,1583366399999,923600039.89969,219177,51814.453,453837266.49109,0
1583366400000,8755.98,9172.30,8755.98,9062.81,161840.623,1583452799999,1458350448.94803,305604,81304.772,732252544.57266,0
1583452800000,9062.62,9179.75,8994.14,9139.48,115011.583,1583539199999,1045435230.09336,226911,56607.201,514641871.77172,0
1583539200000,9139.77,9204.00,8850.00,8897.18,125804.999,1583625599999,1135455550.23333,240352,59759.072,539566671.30799,0
1583625600000,8895.62,8897.71,7997.70,8038.46,237407.028,1583711999999,2003492668.69928,443337,109247.103,922054657.55872,0
1583712000000,8038.99,8182.31,7635.21,7932.15,334399.107,1583798399999,2627368283.37935,630254,165620.727,1301613335.96885,0
1583798400000,7932.45,8156.31,7733.00,7897.66,257068.702,1583884799999,2044527824.74198,480453,127445.512,1013900855.45328,0
1583884800000,7898.21,7988.00,7593.29,7938.39,220537.381,1583971199999,1724800753.69309,401429,109589.744,857478719.09663,0
1583971200000,7938.39,7969.00,4347.00,4764.65,784747.020,1584057599999,4935684191.16036,1559176,376597.666,2360894110.20358,0
1584057600000,4762.28,5971.00,3621.81,5570.26,935489.242,1584143999999,4777193239.09059,2491958,465297.838,2382258317.76056,0
1584144000000,5569.84,5638.42,5040.00,5167.01,316242.586,1584230399999,1697439879.44057,778184,157435.123,845705102.98525,0
1584230400000,5167.21,5954.47,5089.12,5357.32,356311.765,1584316799999,1916062699.25133,806813,184750.035,993937103.50990,0
1584316800000,5354.81,5361.26,4413.62,5026.26,621555.792,1584403199999,3043134893.44952,1445469,318949.688,1562954333.84351,0
1584403200000,5027.11,5529.98,4913.49,5307.38,429908.098,1584489599999,2271134947.39557,1054231,232442.760,1228638059.36448,0
1584489600000,5306.42,5435.00,4982.75,5389.64,402005.703,1584575999999,2108477121.16380,915737,211992.384,1112844886.81779,0
1584576000000,5389.94,6400.00,5246.50,6159.60,499391.190,1584662399999,2922169778.65964,1105378,265398.098,1552134878.49786,0
1584662400000,6159.41,6911.00,5650.00,6203.77,571898.016,1584748799999,3643186059.94639,1274738,293613.556,1872418332.76583,0
1584748800000,6204.47,6457.17,5854.01,6183.69,387679.649,1584835199999,2387762770.11733,986672,209288.231,1289545015.12736,0
1584835200000,6183.84,6408.91,5730.35,5810.17,391002.795,1584921599999,2379970465.43368,1072425,206652.155,1258271434.02062,0
1584921600000,5810.30,6619.90,5670.00,6463.84,489746.087,1585007999999,3012248578.73576,1193611,257236.824,1581915987.30933,0
1585008000000,6463.21,6840.00,6369.00,6741.33,437968.553,1585094399999,2903592538.87217,1114257,220131.441,1459407736.50984,0
1585094400000,6740.86,6960.71,6436.26,6673.41,400684.542,1585180799999,2667204859.27760,1046097,210095.392,1398811490.78229,0
1585180800000,6673.57,6777.50,6500.00,6733.76,281245.628,1585267199999,1870132448.53115,808889,144932.277,963995272.44565,0
1585267200000,6733.76,6840.00,6230.00,6353.64,258213.519,1585353599999,1715677661.94467,741333,128814.892,856756136.69612,0
1585353600000,6353.64,6354.74,6004.00,6230.95,341944.185,1585439999999,2120036125.18386,1008455,179087.046,1110754027.49350,0
1585440000000,6231.81,6260.00,5857.60,5876.27,251335.919,1585526399999,1525085226.99231,695647,129308.418,785278094.70524,0
1585526400000,5876.27,6606.15,5850.00,6391.08,387321.998,1585612799999,2435748934.79350,1071219,206399.459,1297813744.08973,0
1585612800000,6389.52,6516.63,6320.00,6407.10,262522.644,1585699199999,1689175318.59372,790788,135500.437,872136163.36932,0
1585699200000,6407.10,6693.00,6140.00,6641.51,390529.602,1585785599999,2470585503.92402,1158799,205706.298,1302204912.98308,0
1585785600000,6641.22,7290.00,6542.73,6791.63,531321.428,1585871999999,3604597593.43110,1382876,275029.952,1866373988.52023,0
1585872000000,6791.65,7049.11,6600.00,6729.80,411944.927,1585958399999,2809083862.31635,1074346,213227.061,1454161274.24010,0
1585958400000,6729.80,7020.00,6629.99,6851.10,319849.757,1586044799999,2168134179.35285,918658,168633.540,1143488982.77319,0
1586044800000,6851.40,6893.44,6668.02,6768.90,239224.508,1586131199999,1622119002.66283,698862,124679.648,845686533.03934,0
1586131200000,6768.90,7370.00,6760.00,7325.73,461331.013,1586217599999,3269655313.60241,1279153,245413.283,1739459125.79713,0
1586217600000,7325.73,7457.00,7070.43,7192.90,419572.040,1586303999999,3065548691.90531,1075255,209708.684,1532853201.78747,0
1586304000000,7192.90,7417.83,7145.14,7357.66,332599.575,1586390399999,2426530950.31658,1007080,169892.335,1239759697.97260,0
1586390400000,7357.15,7365.69,7105.98,7278.65,293638.581,1586476799999,2136691783.39294,844238,148199.882,1078758413.36993,0
1586476800000,7278.83,7290.00,6741.00,6857.82,440148.453,1586563199999,3057722780.62013,1366733,211454.736,1468630300.74734,0
1586563200000,6858.00,6944.28,6757.29,6874.18,224157.844,1586649599999,1535701119.55164,703329,118780.248,813906235.84925,0
1586649600000,6874.17,7173.98,6775.66,6900.52,321594.822,1586735999999,2245397129.53634,960439,165602.500,1156344165.98682,0
1586736000000,6900.19,6900.99,6558.00,6834.00,421954.773,1586822399999,2840095791.57115,1257602,216013.226,1454395944.52992,0
1586822400000,6834.01,6975.60,6751.00,6864.11,280445.427,1586908799999,1926255197.49405,1002761,144042.067,989428438.98085,0
1586908800000,6864.11,6929.00,6602.59,6616.89,281136.689,1586995199999,1902882417.25705,978500,140357.102,950242642.95066,0
1586995200000,6616.88,7190.92,6465.33,7098.15,559868.603,1587081599999,3869854829.89996,1570129,297526.011,2057137960.75988,0
1587081600000,7098.15,7140.00,6981.00,7022.44,277339.601,1587167999999,1958075004.68818,815405,140468.709,991899745.51267,0
1587168000000,7022.00,7290.00,7008.11,7242.42,225807.171,1587254399999,1616702892.39814,665801,119681.739,857010922.76607,0
1587254400000,7242.49,7258.42,7055.00,7118.03,216975.114,1587340799999,1550386464.89985,687566,107002.397,764610435.93177,0
1587340800000,7118.04,7208.55,6735.95,6825.29,445104.981,1587427199999,3107676568.44843,1327875,221767.063,1548488407.85350,0
1587427200000,6825.28,6940.00,6759.16,6838.00,288024.528,1587513599999,1972271576.59066,927606,149431.948,1023520677.33930,0
1587513600000,6838.00,7154.90,6812.57,7120.06,306482.163,1587599999999,2147460698.31218,926951,164226.935,1150676739.48390,0
1587600000000,7120.06,7802.38,7020.00,7483.35,472510.047,1587686399999,3475717726.54963,1298970,243729.506,1792632117.30723,0
1587686400000,7483.36,7612.91,7388.00,7504.11,278378.368,1587772799999,2091451737.76575,808016,139206.084,1046136713.88413,0
1587772800000,7504.62,7722.33,7433.00,7534.01,243266.807,1587859199999,1836251609.02060,645606,125411.352,947004079.59507,0
1587859200000,7534.01,7709.57,7476.86,7694.17,269921.936,1587945599999,2052434573.88043,720885,139301.802,1059501231.83668,0
1587945600000,7693.63,7795.60,7623.98,7774.00,290336.169,1588031999999,2236759632.39633,755785,145954.546,1124812510.09474,0
1588032000000,7774.00,7780.00,7662.49,7735.75,217652.761,1588118399999,1679915193.12297,588167,107731.862,831740657.33503,0
1588118400000,7735.76,8988.66,7710.00,8784.20,871197.569,1588204799999,7297189826.77707,2033439,454524.100,3802441345.23856,0
1588204800000,8784.05,9479.77,8400.00,8624.76,944211.711,1588291199999,8437341148.39130,2329118,459375.562,4105891416.72819,0
1588291200000,8623.61,9065.00,8619.84,8830.52,417820.386,1588377599999,3680586288.10126,1303431,204405.421,1800710976.13701,0
1588377600000,8830.52,9020.00,8755.01,8975.18,295769.728,1588463999999,2627710360.02383,893324,145364.355,1291758148.61090,0
1588464000000,8975.18,9200.00,8727.24,8900.00,451322.713,1588550399999,4049513026.35921,1308158,217371.059,1950871727.83709,0
1588550400000,8899.99,8954.94,8526.00,8873.98,440135.307,1588636799999,3852426972.10020,1272135,218397.554,1912298849.24437,0
1588636800000,8873.99,9118.17,8766.12,9022.78,409920.130,1588723199999,3661156607.24140,1172631,199885.621,1785788166.15504,0
1588723200000,9022.76,9405.00,8916.01,9148.27,507753.800,1588809599999,4664860084.31144,1337479,249555.756,2292547393.57278,0
1588809600000,9148.29,10080.00,9022.00,9995.00,738920.219,1588895999999,7079465730.29004,2004469,369859.624,3544402829.58383,0
1588896000000,9994.74,10045.03,9726.00,9807.49,458034.211,1588982399999,4537481797.57234,1342120,222614.924,2205814933.04754,0
1588982400000,9809.63,9923.98,9528.23,9550.67,411941.957,1589068799999,3999406853.47510,1189983,196911.183,1912329906.77360,0
1589068800000,9550.25,9580.00,7940.00,8719.53,842909.031,1589155199999,7302630276.90636,2157408,410046.262,3549896289.67975,0
1589155200000,8723.23,9164.00,8151.12,8561.09,805164.964,1589241599999,7000184961.90937,2107410,406724.545,3537690545.23876,0
1589241600000,8560.73,8981.00,8520.43,8808.71,369716.041,1589327999999,3246499322.14054,1104068,189935.399,1667649738.03494,0
1589328000000,8808.71,9397.00,8790.04,9305.91,379719.000,1589414399999,3445913924.84949,1154539,198949.784,1805530330.19069,0
1589414400000,9305.91,9950.00,9250.66,9786.80,602528.438,1589500799999,5798873580.63930,1596856,306992.154,2954458974.93677,0
1589500800000,9787.62,9843.50,9100.00,9310.73,504107.096,1589587199999,4784027638.71762,1399261,247709.009,2351403260.26857,0
1589587200000,9311.21,9585.00,9210.03,9374.99,287768.201,1589673599999,2705830761.58087,918028,149815.483,1409069287.25042,0
1589673600000,9374.99,9880.00,9317.16,9678.57,300859.340,1589759999999,2902728542.66065,973266,156225.070,1507160587.94879,0
1589760000000,9677.31,9958.67,9450.00,9731.10,363732.370,1589846399999,3533354104.77906,1065425,182681.387,1775163208.55209,0
1589846400000,9731.11,9900.00,9462.00,9773.64,376313.845,1589932799999,3642878349.19720,1062705,191772.049,1857069223.53943,0
1589932800000,9772.66,9838.00,9281.42,9508.11,334423.590,1590019199999,3218411345.98419,920679,166431.866,1602624070.18553,0
1590019200000,9508.00,9573.00,8812.20,9060.00,461439.193,1590105599999,4241795752.85480,1286185,228136.236,2097135651.30878,0
1590105600000,9060.00,9259.38,8920.00,9166.40,276008.073,1590191999999,2515865909.33410,772928,144234.318,1314953776.64505,0
1590192000000,9166.43,9300.00,9076.90,9176.41,201589.660,1590278399999,1852871137.72634,582528,103801.023,954330722.77388,0
1590278400000,9176.32,9294.44,8674.00,8711.37,339643.378,1590364799999,3070856922.42420,872058,167958.764,1519719022.52679,0
1590364800000,8711.37,8977.00,8623.38,8895.65,302980.106,1590451199999,2667337683.37678,775095,158161.834,1392801694.54323,0
1590451200000,8895.66,9011.82,8693.18,8837.05,275619.158,1590537599999,2439508067.10614,736181,139848.562,1238146791.04980,0
1590537600000,8837.88,9230.00,8811.00,9197.32,272253.998,1590623999999,2466842797.45267,700725,143948.195,1304070943.91478,0
1590624000000,9197.32,9621.65,9110.97,9569.59,327412.374,1590710399999,3062477084.82549,801469,172464.347,1613575194.62399,0
1590710400000,9569.58,9598.00,9317.42,9422.26,238691.299,1590796799999,2255365978.23178,627717,118443.514,1119335783.23148,0
1590796800000,9422.11,9753.00,9326.01,9695.00,255234.058,1590883199999,2431044087.19118,691896,132940.629,1266665559.45577,0
1590883200000,9694.38,9698.00,9371.76,9446.43,219829.356,1590969599999,2096318341.55532,676486,105922.349,1010305260.93969,0
1590969600000,9446.49,10497.25,9420.85,10232.48,333740.457,1591055999999,3267274407.65878,922467,177298.140,1736224692.18492,0
1591056000000,10232.41,10262.30,9264.15,9514.90,354168.517,1591142399999,3459821278.61491,939395,170346.230,1665194919.28490,0
1591142400000,9514.90,9694.75,9382.33,9663.59,185389.412,1591228799999,1770390770.59070,571997,95209.610,909571823.58124,0
1591228800000,9663.58,9884.00,9440.00,9788.33,264515.319,1591315199999,2564530031.26807,769445,135545.415,1314742692.05212,0
1591315200000,9788.32,9855.00,9580.52,9617.29,237103.042,1591401599999,2307020792.84172,674699,114621.744,1115582334.11739,0
1591401600000,9616.64,9738.77,9528.00,9664.00,152526.703,1591487999999,1469881938.14958,507355,78270.202,754435753.74163,0
1591488000000,9664.01,9823.13,9373.00,9743.92,253986.313,1591574399999,2440468630.54430,695541,128587.599,1236275774.04025,0
1591574400000,9743.92,9816.00,9631.00,9778.87,162086.419,1591660799999,1575946981.01871,474606,81571.025,793314812.77618,0
1591660800000,9778.87,9890.00,9550.03,9771.66,204422.819,1591747199999,1986584445.30502,553812,100901.543,981041831.80446,0
1591747200000,9771.66,10015.99,9681.21,9884.99,193628.149,1591833599999,1900724588.13658,551989,95878.768,941458554.76410,0
1591833600000,9884.99,9970.10,9055.07,9278.03,404046.613,1591919999999,3862130909.12521,1027558,185222.513,1769964488.14219,0
1591920000000,9277.72,9550.00,9238.00,9458.91,211611.340,1592006399999,1992908459.95852,641434,109919.410,1035341868.85864,0
1592006400000,9458.77,9497.85,9340.00,9468.54,113449.075,1592092799999,1068817694.43180,348090,57601.880,542822882.08195,0
1592092800000,9468.55,9477.00,9240.97,9339.61,143978.523,1592179199999,1350388889.47993,422272,72124.508,676670374.79637,0
1592179200000,9339.70,9490.83,8888.43,9422.01,413865.727,1592265599999,3811857667.87459,1088825,212684.242,1959957200.87787,0
1592265600000,9422.01,9595.00,9370.00,9519.12,225713.247,1592351999999,2143232282.69654,641488,117909.667,1119907031.84835,0
1592352000000,9519.13,9569.00,9231.03,9458.45,227477.390,1592438399999,2143290042.11355,623537,113576.493,1070524810.37531,0
1592438400000,9458.45,9483.85,9272.41,9381.59,158349.247,1592524799999,1488056320.77280,477815,80186.369,753743879.84663,0
1592524800000,9381.99,9453.00,9239.00,9307.00,219510.059,1592611199999,2048059719.36743,588538,112351.565,1048450973.35035,0
1592611200000,9307.00,9394.29,9165.00,9354.04,154462.290,1592697599999,1436354409.44428,425349,80710.791,750834333.74971,0
1592697600000,9353.84,9420.47,9279.00,9293.51,110599.558,1592783999999,1033976410.97488,316619,56895.909,532057753.11637,0
1592784000000,9293.39,9795.00,9273.00,9686.99,260561.647,1592870399999,2482574353.64243,634767,140316.059,1336206135.11198,0
1592870400000,9686.99,9723.23,9585.00,9631.66,164673.499,1592956799999,1588083862.05429,432869,76851.398,741257899.47861,0
1592956800000,9631.65,9678.00,9210.00,9298.40,300450.251,1593043199999,2825265494.90329,748649,136984.949,1288273322.83144,0
1593043200000,9298.78,9350.90,9005.00,9246.75,272566.502,1593129599999,2510788505.43618,724717,138543.944,1276681593.31305,0
1593129600000,9246.75,9297.16,9038.52,9159.99,249348.670,1593215999999,2285936800.87162,682581,126311.431,1158202401.05587,0
1593216000000,9159.99,9195.75,8816.40,9008.00,237840.165,1593302399999,2153509215.41693,635966,118398.945,1072441342.52177,0
1593302400000,9008.00,9188.00,8932.68,9114.00,153842.891,1593388799999,1395928886.65951,480457,81266.509,737578007.31121,0
1593388800000,9114.01,9233.00,9022.00,9189.48,176660.525,1593475199999,1610778783.22314,513754,92094.713,840024608.77923,0
1593475200000,9189.99,9205.00,9063.97,9138.87,143469.832,1593561599999,1311949155.72121,418034,68278.846,624515563.30070,0
1593561600000,9138.88,9293.00,9090.00,9233.29,161642.185,1593647999999,1487427692.29113,446516,81634.131,751374808.62814,0
1593648000000,9233.29,9262.99,8936.00,9087.72,230747.519,1593734399999,2105533922.19592,649904,107214.396,978476545.33617,0
1593734400000,9087.72,9124.52,9036.06,9057.52,96947.338,1593820799999,881331916.25717,334878,45864.438,417006695.20991,0
1593820800000,9058.07,9194.00,9042.84,9137.18,100215.438,1593907199999,913030839.30531,300402,50806.640,462969842.17552,0
1593907200000,9137.18,9146.35,8900.00,9071.86,139545.566,1593993599999,1261953986.20306,424855,63262.066,572257948.68744,0
1593993600000,9071.87,9379.00,9058.10,9339.60,199643.828,1594079999999,1843703742.26119,543847,111431.517,1029324377.15175,0
1594080000000,9339.59,9380.00,9201.23,9258.51,127833.975,1594166399999,1184876083.76661,405928,66946.034,620656526.11824,0
1594166400000,9258.51,9470.00,9233.47,9436.08,170243.001,1594252799999,1594244760.10968,503111,94717.213,886949578.55409,0
1594252800000,9436.08,9440.81,9164.33,9236.28,188355.856,1594339199999,1751622435.13053,526694,84271.829,783684211.41326,0
1594339200000,9236.29,9317.24,9121.42,9288.39,140849.874,1594425599999,1295681629.88250,418173,66533.323,612213225.85175,0
1594425600000,9288.39,9301.74,9178.91,9233.50,74976.521,1594511999999,692340842.13135,268041,34905.923,322353540.56925,0
1594512000000,9233.50,9349.00,9155.00,9300.69,127841.882,1594598399999,1182491576.57045,369869,62954.055,582466065.94534,0
1594598400000,9300.70,9345.00,9200.00,9241.20,136117.659,1594684799999,1262652034.01365,407784,63188.051,586300186.74770,0
1594684800000,9241.18,9279.00,9116.00,9254.17,129704.278,1594771199999,1194751477.53481,381121,61998.831,571263983.78946,0
1594771200000,9254.17,9272.56,9156.00,9197.30,104107.708,1594857599999,959516024.21559,307679,47547.128,438299844.19612,0
1594857600000,9197.75,9223.00,9044.02,9132.00,148089.450,1594943999999,1350809171.27347,402299,67858.966,619091275.34249,0
1594944000000,9132.00,9187.00,9087.00,9151.69,80940.584,1595030399999,739789769.33429,244169,39063.858,357100340.29329,0
1595030400000,9151.70,9210.00,9121.98,9171.80,63233.596,1595116799999,579542001.39296,206354,32794.840,300586379.50955,0
1595116800000,9171.79,9239.59,9108.00,9210.51,75554.579,1595203199999,692144095.42895,243001,38551.338,353326402.12976,0
1595203200000,9210.68,9221.00,9131.01,9161.13,72429.691,1595289599999,664469650.80326,245657,32696.934,299973279.87020,0
1595289600000,9161.28,9439.60,9152.62,9388.01,179211.347,1595375999999,1671206199.52861,515483,93179.366,868632652.29244,0
1595376000000,9388.00,9543.00,9272.00,9518.25,126598.902,1595462399999,1189260919.42176,417994,65342.030,614383995.68029,0
1595462400000,9518.25,9678.32,9439.86,9604.41,166990.147,1595548799999,1593882469.43966,566970,81460.964,777887915.55873,0
1595548800000,9604.41,9650.00,9470.00,9539.70,133975.068,1595635199999,1279232338.52369,531836,63967.088,610922620.07253,0
1595635200000,9539.70,9735.10,9526.31,9701.49,133377.589,1595721599999,1284993355.34513,517523,66055.303,636575410.24058,0
1595721600000,9701.54,10300.00,9655.20,9939.69,261998.786,1595807999999,2598998008.67622,811567,132891.296,1318426450.58064,0
1595808000000,9939.68,11488.00,9928.61,11047.58,744752.400,1595894399999,7891956950.28577,2085818,380222.453,4028082026.45626,0
1595894400000,11047.58,11270.00,10580.00,10919.94,499486.679,1595980799999,5481417615.66494,1527878,243655.645,2674872988.33118,0
1595980800000,10919.94,11364.80,10844.34,11113.03,356188.761,1596067199999,3965422424.83448,1016186,176819.810,1968955025.82846,0
1596067200000,11113.01,11195.52,10826.55,11111.96,230327.988,1596153599999,2540930684.60470,705335,111066.508,1225473994.99032,0
1596153600000,11111.97,11450.42,10971.78,11343.68,307399.731,1596239999999,3455848822.14170,843301,155727.416,1751241182.87211,0
1596240000000,11343.67,11887.45,11201.00,11811.42,386322.642,1596326399999,4493961579.32069,1058421,187510.850,2181547680.82824,0
1596326400000,11811.43,12154.25,10490.00,11079.72,492803.351,1596412799999,5584559651.07942,1353476,232883.459,2641618083.10261,0
1596412800000,11080.70,11483.00,10923.00,11227.07,238654.591,1596499199999,2689651526.95353,698614,113586.768,1280375303.94583,0
1596499200000,11227.07,11427.38,11025.00,11200.05,200044.934,1596585599999,2245992628.82789,628935,91250.173,1024692651.97083,0
1596585600000,11200.06,11798.56,11103.00,11752.50,263510.011,1596671999999,3037923802.72495,770746,127718.099,1472492825.35958,0
1596672000000,11752.50,11916.02,11571.78,11770.56,236459.595,1596758399999,2782205258.01308,701917,110128.066,1295937728.20377,0
1596758400000,11769.97,11920.00,11318.93,11596.06,273935.127,1596844799999,3191651680.81522,861575,126930.385,1479091158.97232,0
1596844800000,11596.26,11819.00,11513.69,11765.72,154707.303,1596931199999,1808155550.96800,578295,73299.635,856834327.88282,0
1596931200000,11765.72,11811.00,11526.90,11685.99,125463.463,1597017599999,1462717950.80531,506961,58963.655,687465462.87179,0
1597017600000,11685.99,12100.00,11384.90,11896.89,290418.014,1597103999999,3447830045.74761,911232,138899.093,1649337539.51741,0
1597104000000,11896.86,11944.00,11127.00,11392.64,336861.638,1597190399999,3881574730.95979,1084362,156502.461,1803054820.95578,0
1597190400000,11392.64,11630.00,11140.00,11568.36,213799.491,1597276799999,2446503849.80986,757273,102352.766,1171450824.77188,0
1597276800000,11568.37,11798.00,11272.00,11790.00,248214.725,1597363199999,2865188930.54970,885018,118969.247,1373724196.81707,0
1597363200000,11790.00,11868.42,11644.60,11767.89,159019.959,1597449599999,1869288349.44223,584032,75682.922,889783229.38207,0
1597449600000,11767.89,11993.58,11682.00,11859.04,222262.987,1597535999999,2639621485.17468,785891,105834.035,1257095769.23006,0
1597536000000,11858.91,11945.00,11688.00,11921.23,165733.721,1597622399999,1962706567.39091,639729,76667.848,908204017.94228,0
1597622400000,11921.32,12499.42,11780.00,12298.06,331435.112,1597708799999,4026216925.43140,1161367,161447.129,1962190638.60786,0
1597708800000,12298.06,12403.00,11810.00,11960.79,291349.888,1597795199999,3529402332.93990,981973,132683.109,1607181553.00270,0
1597795200000,11962.03,12037.05,11574.78,11763.87,313267.066,1597881599999,3688115093.97591,1046341,148727.263,1751202214.08083,0
1597881600000,11763.88,11888.00,11676.03,11857.92,130981.044,1597967999999,1544542409.29488,543754,61692.133,727556181.99412,0
1597968000000,11858.53,11882.68,11491.00,11538.53,195106.536,1598054399999,2282701561.58203,736783,88228.749,1032473592.87258,0
1598054400000,11538.53,11689.08,11385.06,11670.47,126696.730,1598140799999,1462044717.32797,523937,58241.406,672338230.07478,0
1598140800000,11670.48,11724.00,11522.15,11654.00,95608.033,1598227199999,1111234523.15725,435619,45109.884,524395563.21732,0
1598227200000,11654.00,11831.96,11595.00,11753.30,108781.125,1598313599999,1277174863.89318,483641,51421.572,603810663.63164,0
1598313600000,11753.29,11770.00,11130.00,11327.17,267234.771,1598399999999,3057706453.16736,857056,121453.963,1389308743.45510,0
1598400000000,11327.18,11548.68,11255.95,11466.22,170305.024,1598486399999,1941776559.57683,589715,82683.838,943144292.03458,0
1598486400000,11466.22,11593.00,11130.82,11335.53,253778.342,1598572799999,2880004202.03534,836864,121995.529,1385123433.58285,0
1598572800000,11335.83,11544.88,11283.19,11526.85,129477.627,1598659199999,1481017951.74894,540434,64801.238,741323528.34589,0
1598659200000,11526.85,11582.00,11419.34,11466.66,83715.229,1598745599999,962840624.05221,363971,39277.408,451835730.79872,0
1598745600000,11466.27,11724.12,11457.88,11714.14,113266.672,1598831999999,1316261373.04529,432138,56823.628,660362716.78327,0
1598832000000,11714.13,11784.21,11575.78,11658.11,127272.378,1598918399999,1487504145.43018,479728,60216.605,703910319.07619,0
1598918400000,11658.11,12061.07,11531.34,11930.18,211680.828,1599004799999,2514017351.09218,688502,104458.170,1240634282.61085,0
1599004800000,11930.17,11961.00,11156.00,11396.96,280411.964,1599091199999,3230818459.57860,905753,127800.691,1472182369.40513,0
1599091200000,11396.44,11475.00,9901.16,10141.08,487812.737,1599177599999,5277899021.36762,1372974,224882.980,2432583321.93379,0
1599177600000,10141.40,10635.77,9878.65,10448.00,432563.841,1599263999999,4473051196.63027,1249839,211148.578,2183935902.20532,0
1599264000000,10448.00,10567.87,9808.58,10168.71,399307.282,1599350399999,4069493999.69946,1315104,183265.457,1868895706.65273,0
1599350400000,10168.23,10348.97,10003.00,10258.13,190207.654,1599436799999,1939661678.03638,771859,86302.080,880461039.82531,0
1599436800000,10258.13,10420.55,9879.68,10378.76,258476.949,1599523199999,2616187381.74451,969133,121049.246,1225586986.08430,0
1599523200000,10379.30,10443.79,9842.01,10129.02,317802.322,1599609599999,3206824298.75220,1173460,150366.645,1517022438.52698,0
1599609600000,10130.00,10346.00,9981.13,10219.29,151222.689,1599695999999,1540063640.01559,640882,72122.522,734796107.28814,0
1599696000000,10219.29,10484.60,10211.67,10335.91,187667.873,1599782399999,1940858757.01846,688022,87283.386,902988594.59700,0
1599782400000,10335.91,10397.85,10200.80,10387.81,135929.303,1599868799999,1399304758.52121,541085,64281.517,661937164.35046,0
1599868800000,10387.81,10477.70,10271.00,10438.28,97429.037,1599955199999,1010752220.53406,438259,47963.934,497806576.35956,0
1599955200000,10438.29,10580.00,10209.01,10327.72,159021.843,1600041599999,1649859123.30593,556241,79370.115,823901409.22980,0
1600041600000,10327.72,10746.06,10241.57,10664.10,205260.236,1600127999999,2162656994.62463,713135,114668.911,1208554086.51841,0
1600128000000,10664.10,10923.42,10592.00,10776.78,247657.230,1600214399999,2669470467.23613,786180,131338.790,1416049605.72814,0
1600214400000,10776.88,11089.08,10661.90,10948.17,252881.019,1600300799999,2756781832.23194,840472,136128.160,1484376783.66731,0
1600300800000,10948.16,11040.00,10740.00,10935.33,186484.361,1600387199999,2027994176.27302,658642,95997.159,1044114980.94194,0
1600387200000,10935.97,11035.00,10810.10,10926.29,136028.351,1600473599999,1484796957.63111,548421,70136.590,765702702.77971,0
1600473600000,10926.30,11177.00,10880.00,11073.74,126239.232,1600559999999,1391945357.58867,537084,66707.126,735614722.77795,0
1600560000000,11073.20,11073.90,10751.00,10914.28,150450.562,1600646399999,1639131152.37363,556991,75724.631,825087797.34168,0
1600646400000,10915.52,10980.69,10281.00,10414.73,333047.145,1600732799999,3533611850.80102,1017541,164716.125,1747100541.88731,0
1600732800000,10414.73,10574.08,10353.10,10523.32,179900.686,1600819199999,1881975168.57792,628666,93498.058,978251748.74738,0
1600819200000,10523.32,10531.94,10132.21,10237.91,203027.542,1600905599999,2106120078.85104,718731,102352.883,1062048680.56166,0
1600905600000,10237.91,10837.27,10191.00,10724.92,241646.573,1600991999999,2535999234.25082,849084,136707.150,1435220187.27896,0
1600992000000,10724.91,10754.29,10551.56,10683.51,170930.773,1601078399999,1820637897.43936,658581,88397.078,941707655.65960,0
1601078400000,10683.50,10827.80,10642.23,10726.50,109340.491,1601164799999,1171569532.33158,553316,59007.180,632362135.55327,0
1601164800000,10726.50,10793.50,10584.00,10768.00,123440.716,1601251199999,1321161006.11611,540964,63429.233,679147714.36091,0
1601251200000,10768.00,11024.00,10627.19,10691.45,187105.377,1601337599999,2031385663.34365,652011,97662.644,1060925710.70994,0
1601337600000,10691.94,10863.94,10631.49,10836.98,146888.319,1601423999999,1575829644.66364,560608,77490.574,831445186.54531,0
1601424000000,10836.99,10845.99,10660.05,10773.00,132834.116,1601510399999,1425790131.97503,527339,68683.604,737375245.66593,0
1601510400000,10773.00,10935.14,10442.00,10612.63,253619.622,1601596799999,2711075914.61540,794540,130468.053,1395487100.60980,0
1601596800000,10612.62,10660.00,10371.03,10565.15,224747.037,1601683199999,2359977989.11924,764820,113926.065,1196694184.88022,0
1601683200000,10565.44,10596.00,10491.11,10537.96,76315.911,1601769599999,804408980.87426,434460,40622.782,428207977.98654,0
1601769600000,10537.96,10694.00,10514.00,10660.16,90912.105,1601855999999,964435994.41114,492034,50394.855,534651963.58343,0
1601856000000,10660.16,10792.00,10608.90,10785.00,130589.137,1601942399999,1397359152.98443,593867,70197.411,751308813.67803,0
1601942400000,10784.99,10792.00,10510.66,10593.65,184895.250,1602028799999,1971152604.95732,699471,90311.669,962975799.00648,0
1602028800000,10593.65,10675.00,10540.29,10658.75,106700.522,1602115199999,1132125130.95176,502888,55471.502,588657572.25471,0
1602115200000,10658.75,10958.00,10523.00,10919.45,207938.861,1602201599999,2236764143.48042,754390,110601.014,1190141239.19826,0
1602201600000,10919.45,11110.00,10818.44,11050.47,154336.818,1602287999999,1697348173.83417,640685,79025.665,869063867.98832,0
1602288000000,11050.46,11494.00,11050.46,11294.79,199398.012,1602374399999,2259937270.69761,731572,98369.054,1114371848.52463,0
1602374400000,11294.78,11450.73,11273.77,11369.59,146323.076,1602460799999,1662984690.97067,587941,70072.329,796465960.35303,0
1602460800000,11369.59,11732.00,11157.00,11530.36,254217.203,1602547199999,2913019650.11615,781051,123464.434,1415402006.56224,0
1602547200000,11530.37,11562.00,11308.00,11419.36,199115.115,1602633599999,2276664144.17067,693780,95540.483,1092713247.22039,0
1602633600000,11419.36,11550.00,11280.50,11417.13,192936.970,1602719999999,2198967087.67917,694620,93295.555,1063382407.09052,0
1602720000000,11417.12,11649.48,11250.00,11502.00,215260.399,1602806399999,2455108608.64026,768321,114746.857,1309213591.49700,0
1602806400000,11502.00,11538.92,11175.00,11318.92,212339.085,1602892799999,2406176538.70338,725825,98735.212,1119053627.21275,0
1602892800000,11319.51,11424.09,11250.00,11356.25,95892.966,1602979199999,1086838512.10945,459443,48001.372,544169515.57417,0
1602979200000,11356.25,11529.93,11342.54,11501.10,92472.191,1603065599999,1056889045.95337,444193,50893.731,581765716.60191,0
1603065600000,11501.50,11830.00,11404.01,11745.00,230161.648,1603151999999,2677138464.51185,770332,121302.088,1410835904.42171,0
1603152000000,11744.99,12045.78,11673.00,11900.03,312811.802,1603238399999,3710691439.20796,1059398,160448.693,1903506839.76031,0
1603238400000,11900.03,13240.00,11876.00,12796.07,591963.069,1603324799999,7435850474.64387,1870576,305797.698,3837865012.63553,0
1603324800000,12796.06,13188.27,12675.50,12968.87,343851.666,1603411199999,4448237306.19638,1232587,162855.788,2107012797.40450,0
1603411200000,12970.39,13043.00,12725.04,12925.82,237042.526,1603497599999,3059965867.59326,897416,112051.403,1446911171.49377,0
1603497600000,12925.82,13177.59,12871.07,13110.88,176146.631,1603583999999,2296046388.61355,801400,87149.401,1136114842.80262,0
1603584000000,13110.88,13369.00,12715.00,13023.81,206012.652,1603670399999,2690867875.55715,889235,100425.308,1311919681.18729,0
1603670400000,13024.21,13240.00,12729.00,13047.24,316503.296,1603756799999,4121218762.83565,1105825,157389.764,2050474015.05994,0
1603756800000,13047.24,13787.83,13041.30,13629.38,411509.506,1603843199999,5533418976.94019,1299183,213506.947,2871048375.44906,0
1603843200000,13629.89,13863.00,12876.00,13256.17,476993.789,1603929599999,6377260018.41431,1564676,233144.485,3116858196.47847,0
1603929600000,13255.79,13637.22,12965.00,13446.65,355352.336,1604015999999,4735209655.61303,1247634,182192.752,2428564107.59832,0
1604016000000,13446.65,13665.65,13100.00,13549.12,349890.573,1604102399999,4684549159.29936,1245765,178139.677,2385629724.95437,0
1604102400000,13549.12,14140.00,13403.36,13783.73,357853.230,1604188799999,4923864620.90212,1344037,182804.838,2515861128.84144,0
1604188800000,13783.73,13891.52,13605.90,13752.86,198395.231,1604275199999,2727415103.81043,885249,97711.344,1343534847.02547,0
1604275200000,13752.87,13823.75,13195.00,13540.54,327991.768,1604361599999,4433952125.46344,1222326,161896.733,2189442537.81791,0
1604361600000,13541.55,14070.00,13276.33,14016.55,348730.510,1604447999999,4748953992.22126,1303446,177409.088,2417380647.73177,0
1604448000000,14016.55,14280.00,13512.00,14134.31,451433.420,1604534399999,6269163703.99695,1677175,229094.676,3181919979.03615,0
1604534400000,14134.32,15777.00,14088.01,15598.75,717489.697,1604620799999,10661964053.31626,2418730,355528.624,5281275217.72033,0
1604620800000,15598.74,15984.20,15177.00,15590.96,559380.060,1604707199999,8719764932.89141,2067927,260161.397,4056820812.44299,0
1604707200000,15590.95,15774.00,14350.00,14824.34,457582.681,1604793599999,6921481478.48889,1783469,217481.959,3289643705.77585,0
1604793600000,14824.33,15678.00,14710.00,15473.20,290616.393,1604879999999,4428801810.67248,1188596,140057.853,2134422582.04064,0
1604880000000,15473.20,15869.00,14822.00,15328.72,474181.983,1604966399999,7271506165.70421,1801578,225448.915,3458349120.75519,0
1604966400000,15328.72,15474.17,15071.00,15294.68,244073.495,1605052799999,3732294398.38728,1109192,117575.616,1798149601.39652,0
1605052800000,15294.68,16000.00,15274.89,15690.24,330772.852,1605139199999,5177231131.45298,1387218,159256.703,2493407884.93597,0
1605139200000,15690.24,16345.00,15437.70,16289.02,471759.126,1605225599999,7523910248.89960,1927371,234735.974,3745542477.12961,0
1605225600000,16289.01,16479.99,15955.60,16320.54,306656.359,1605311999999,4984405298.81905,1405591,144127.705,2343193250.77086,0
1605312000000,16320.54,16326.82,15700.00,16064.51,266206.937,1605398399999,4251500067.66192,1235238,135009.442,2156719599.99496,0
1605398400000,16064.51,16161.23,15768.00,15952.27,210318.453,1605484799999,3359401680.11398,1160914,109037.561,1741822737.27487,0
1605484800000,15951.93,16882.00,15862.00,16707.07,342459.329,1605571199999,5627638531.07377,1452989,180565.446,2967166855.27949,0
1605571200000,16707.00,17890.10,16550.00,17670.01,524094.697,1605657599999,9050160241.00472,2012288,261569.252,4512400955.00465,0
1605657600000,17670.01,18520.00,17215.03,17788.32,732937.097,1605743999999,13108477651.19909,2750334,352520.464,6306428689.02635,0
1605744000000,17788.32,18200.00,17347.27,17811.68,406500.977,1605830399999,7243709977.39353,1642647,198063.499,3531122531.31739,0
1605830400000,17811.68,18831.60,17748.92,18664.31,407926.802,1605916799999,7497709362.56215,1699255,196545.447,3612706221.05277,0
1605916800000,18662.85,18986.00,18302.08,18721.99,342412.490,1606003199999,6408035133.45486,1467289,160371.675,3001956086.54355,0
1606003200000,18721.99,18780.00,17645.98,18435.20,373779.417,1606089599999,6856294687.86623,1611056,174390.001,3198892160.56148,0
1606089600000,18434.17,18812.65,18013.97,18382.07,364221.378,1606175999999,6718716197.90407,1558298,175670.660,3240552006.68175,0
1606176000000,18382.07,19440.00,18000.00,19179.64,477968.289,1606262399999,9042446485.58226,2009567,227534.885,4304225416.67349,0
1606262400000,19178.53,19554.19,18509.12,18741.67,426276.990,1606348799999,8117262497.74923,1821978,200114.327,3813276519.75653,0
1606348800000,18741.66,18940.69,16181.00,17155.34,850692.856,1606435199999,14698559977.07114,3571835,401324.909,6932738422.11978,0
1606435200000,17155.37,17465.00,16444.83,17144.10,398072.933,1606521599999,6748491428.31569,1639548,191478.013,3247590460.26423,0
1606521600000,17144.11,17880.00,16865.78,17717.74,268833.749,1606607999999,4666900540.00932,1129925,129558.247,2250203980.09544,0
1606608000000,17717.74,18343.00,17523.00,18181.09,256024.006,1606694399999,4609730542.10836,1125785,130770.777,2356413236.21816,0
1606694400000,18180.43,19944.00,18178.82,19720.00,500482.574,1606780799999,9568806966.58092,2089768,257982.052,4930629706.98226,0
1606780800000,19722.09,19956.00,18050.00,18772.70,553885.333,1606867199999,10601482195.21762,2558348,268754.539,5146387321.84585,0
1606867200000,18770.33,19365.00,18329.58,19207.01,335717.482,1606953599999,6352815848.93350,1606530,164736.833,3118419441.82275,0
1606953600000,19207.01,19640.00,18865.00,19434.30,245020.576,1607039999999,4724323628.54077,1272309,121969.824,2352257007.36150,0
1607040000000,19432.66,19537.16,18570.00,18664.20,276271.939,1607126399999,5260370304.16580,1376095,130243.878,2480767591.89256,0
1607126400000,18662.72,19203.46,18510.00,19147.62,165912.647,1607212799999,3145507861.15582,946103,82521.250,1564751855.58149,0
1607212800000,19147.63,19449.10,18855.35,19375.02,176004.606,1607299199999,3370639869.06208,943780,87915.750,1684224667.03399,0
1607299200000,19375.00,19446.36,18908.66,19172.88,169402.371,1607385599999,3249551714.47632,926894,82063.358,1574431844.81235,0
1607385600000,19172.87,19319.38,18133.33,18319.32,280714.132,1607471999999,5279747287.14345,1351027,133427.044,2510341786.92502,0
1607472000000,18319.33,18639.70,17650.00,18537.98,353123.689,1607558399999,6424799134.15169,1673883,178303.953,3245713536.80042,0
1607558400000,18537.97,18550.00,17916.00,18253.51,233960.241,1607644799999,4271592591.33380,1241586,116243.722,2122841960.60726,0
1607644800000,18254.00,18290.44,17555.00,18031.47,317866.070,1607731199999,5689740183.80654,1563578,160142.007,2867277619.46507,0
1607731200000,18031.71,18950.00,18012.21,18800.00,196962.282,1607817599999,3641762062.74761,1080853,106123.938,1962692168.68930,0
1607817600000,18800.00,19432.00,18705.46,19175.07,239760.089,1607903999999,4594353525.45600,1182585,121821.870,2334599624.83917,0
1607904000000,19175.06,19355.35,19004.72,19270.70,181555.823,1607990399999,3480597165.14886,1063827,90220.454,1730017045.77100,0
1607990400000,19270.71,19598.00,19039.64,19424.91,248744.054,1608076799999,4809598929.89016,1313847,122075.043,2361458658.55847,0
1608076800000,19424.90,21600.00,19274.55,21346.80,459302.012,1608163199999,9357131523.97121,2298208,241794.889,4926403521.58637,0
1608163200000,21346.81,23888.04,21231.50,22816.99,823435.821,1608249599999,18707295908.07286,4179029,410694.991,9329002947.94464,0
1608249600000,22816.99,23330.00,22363.94,23124.35,305997.222,1608335999999,7000308998.92912,1812455,151397.139,3464553049.81717,0
1608336000000,23124.35,24281.61,22735.81,23847.28,337535.438,1608422399999,7938307873.86828,1930474,167811.299,3947885496.87695,0
1608422400000,23847.28,24376.00,23076.25,23472.96,322289.774,1608508799999,7612660738.46881,1951223,155605.498,3677419184.16979,0
1608508800000,23472.96,24145.00,21920.00,22730.10,476456.589,1608595199999,11000495257.06996,2612726,231309.940,5342893422.09471,0
1608595200000,22736.05,23850.00,22387.00,23826.99,326124.313,1608681599999,7526843284.05874,1923785,163772.657,3781514220.20078,0
1608681600000,23826.74,24235.42,22572.52,23238.27,394754.939,1608767999999,9276578416.54451,2386530,192721.439,4531460324.37955,0
1608768000000,23237.73,23819.81,22700.00,23737.44,237754.257,1608854399999,5517917922.31023,1532684,120539.758,2799029134.68061,0
1608854400000,23738.75,24827.64,23450.00,24730.00,284523.431,1608940799999,6874550222.92909,1821407,144345.703,3489090196.96053,0
1608940800000,24729.99,26926.00,24507.24,26508.83,367265.555,1609027199999,9382122680.48018,2300815,186138.692,4756955732.52784,0
1609027200000,26508.84,28459.84,25850.00,26305.64,540264.148,1609113599999,14678578951.91622,3325654,263441.238,7160381538.94652,0
1609113600000,26301.76,27538.82,26117.10,27102.66,267563.468,1609199999999,7224208281.73227,1946973,129242.798,3490324558.14382,0
1609200000000,27101.45,27441.73,25913.01,27402.83,260759.449,1609286399999,6956813209.79086,1833178,126931.719,3387490332.21496,0
1609286400000,27402.83,29063.72,27401.00,28906.99,374737.655,1609372799999,10558400366.54597,2363568,185801.158,5237447909.15044,0
1609372800000,28906.99,29376.70,27848.00,28951.68,313648.835,1609459199999,9030623930.44815,2151517,148980.530,4291721563.30506,0
1609459200000,28948.19,29668.86,28627.12,29337.16,210716.398,1609545599999,6157505024.08511,1511793,101247.902,2960175587.62208,0
1609545600000,29337.15,33480.00,28958.24,32199.91,545541.080,1609631999999,17122938614.70610,3514545,273388.463,8578964529.70894,0
1609632000000,32198.41,34832.25,32000.02,33054.53,487486.989,1609718399999,16389111411.52760,3325307,238761.657,8029365512.72767,0
1609718400000,33053.93,33653.56,27800.00,32031.07,506128.023,1609804799999,15879195836.25302,3470951,242947.199,7626162910.40660,0
1609804800000,32029.55,34500.00,29900.00,33999.52,433720.833,1609891199999,13959353458.55198,3077140,214417.082,6904989558.83828,0
1609891200000,33999.51,37037.51,33356.46,36823.68,444019.830,1609977599999,15515216052.16546,3343780,221236.888,7735680984.28917,0
1609977600000,36825.77,40565.62,36337.36,39498.92,520147.908,1610063999999,19955559504.79166,3936708,257944.968,9900486395.62111,0
1610064000000,39498.32,42125.51,36539.77,40637.23,518080.826,1610150399999,20667265854.49486,4247011,254344.167,10152865266.04328,0
1610150400000,40638.91,41539.88,38733.28,40136.04,260882.805,1610236799999,10520523013.40685,2489926,126105.315,5086880791.19798,0
1610236800000,40136.05,41412.12,35268.00,38221.67,436759.048,1610323199999,17027093434.55105,3699058,211717.223,8261995935.20996,0
1610323200000,38200.01,38322.18,30448.00,35408.46,906275.651,1610409599999,30742156595.35393,7483656,443696.590,15052872048.13838,0
1610409600000,35406.92,36693.44,32600.00,34056.90,449065.693,1610495999999,15590695938.85224,4292644,222279.828,7719925265.67209,0
1610496000000,34065.53,37880.00,32420.00,37421.07,398188.088,1610582399999,13803091615.05157,3801367,199377.684,6916994865.68764,0
1610582400000,37416.34,40189.39,36764.33,39163.31,353142.386,1610668799999,13663753723.40309,3501513,175843.746,6805766674.20038,0
1610668800000,39163.31,39790.00,34478.00,36755.24,437610.113,1610755199999,16148530126.35195,4212641,215685.402,7958729167.12342,0
1610755200000,36755.25,38000.00,35366.00,36025.66,301102.477,1610841599999,11103654689.80840,3011057,146509.381,5406319579.73528,0
1610841600000,36025.65,36898.00,33863.50,35869.83,287686.129,1610927999999,10206002445.01776,2832554,142749.218,5067322177.93342,0
1610928000000,35875.72,37547.94,34808.47,36686.86,253386.703,1611014399999,9167208119.70183,2509593,126929.278,4593293225.33017,0
1611014400000,36690.00,37961.00,35850.00,35891.03,257889.419,1611100799999,9530202433.37249,2463060,127747.175,4722978204.94744,0
1611100800000,35891.74,36461.44,33403.00,35500.00,329192.419,1611187199999,11521126165.52288,3069181,160202.354,5609941255.60820,0
1611187200000,35499.23,35636.17,30069.90,30879.97,550562.277,1611273599999,17863845664.01804,4767974,269649.681,8750951225.90137,0
1611273600000,30875.77,33831.52,28880.00,32986.34,453568.538,1611359999999,14265924156.72767,4072699,225783.671,7105649881.87084,0
1611360000000,32990.08,33495.00,31405.00,32086.48,256776.411,1611446399999,8300485557.20308,2533905,126744.171,4098792684.45926,0
1611446400000,32086.48,33125.75,30914.20,32275.63,212107.044,1611532799999,6824806447.15319,2205550,106443.006,3426090935.55021,0
1611532800000,32274.88,34880.00,31921.47,32253.68,316687.524,1611619199999,10588161978.70822,2871028,157598.395,5269771249.60753,0
1611619200000,32253.68,32950.00,30810.00,32474.14,346861.707,1611705599999,11060562208.15130,3088089,172363.344,5498592866.30905,0
1611705600000,32474.81,32562.20,29240.00,30381.04,431022.839,1611791999999,13269633440.99824,3665833,213394.744,6569777789.60455,0
1611792000000,30382.96,33778.95,29843.33,33399.75,311528.373,1611878399999,9909261735.25709,2824829,158511.479,5044260580.57025,0
1611878400000,33399.99,38641.10,31960.00,34269.35,713579.785,1611964799999,25293550971.74301,5920737,355439.304,12607381324.40294,0
1611964800000,34267.04,34988.88,32849.06,34289.85,267861.872,1612051199999,9109013883.23461,2754794,133627.383,4545355581.08445,0
1612051200000,34284.76,34393.22,32193.04,33126.21,211293.891,1612137599999,7052326918.52193,2233259,103318.718,3448995451.58184,0
1612137600000,33125.11,34720.00,32322.47,33546.09,240632.325,1612223999999,8121385637.13714,2421173,122660.726,4140348904.80228,0
1612224000000,33546.08,36041.00,33450.00,35504.06,239856.230,1612310399999,8364687573.37923,2345193,123537.063,4307892154.68184,0
1612310400000,35504.07,37700.00,35410.00,37652.51,240308.078,1612396799999,8788925454.96376,2331826,121022.039,4426236187.28981,0
1612396800000,37651.92,38833.00,36233.00,36976.93,306715.022,1612483199999,11507154016.35826,2825262,150086.367,5633298481.01459,0
1612483200000,36975.19,38411.82,36586.68,38362.65,196277.444,1612569599999,7395595524.77548,2144343,97203.231,3663358803.14247,0
1612569600000,38357.17,40992.40,38269.00,39249.54,310826.315,1612655999999,12369698321.04784,3050313,154728.277,6158712068.97440,0
1612656000000,39249.53,39757.87,37403.27,38849.25,296721.925,1612742399999,11466152232.53475,2896234,143721.734,5556013185.10293,0
1612742400000,38849.24,47146.00,38037.00,46451.32,440167.093,1612828799999,18769855154.62719,4374347,223454.335,9531054201.64643,0
1612828800000,46451.32,48266.36,45057.65,46492.54,381477.426,1612915199999,17820342806.81088,3957333,185490.943,8668372535.76928,0
1612915200000,46492.53,47475.00,43770.00,44850.00,334979.017,1613001599999,15286260787.69888,3259151,163672.458,7471185203.89336,0
1613001600000,44850.00,48810.00,44038.97,48060.21,330540.045,1613087999999,15468624715.76271,3326357,164596.168,7703204734.55109,0
1613088000000,48060.21,49278.98,46121.00,47361.03,259186.288,1613174399999,12341281000.02568,2862051,127514.459,6074419175.14162,0
1613174400000,47364.00,48290.00,46252.10,47221.62,199965.397,1613260799999,9438075938.38798,2253613,97689.069,4611739861.20951,0
1613260800000,47221.63,49875.16,47093.16,48655.21,241935.666,1613347199999,11797051402.90574,2598883,119727.737,5838366527.84185,0
1613347200000,48655.21,49100.00,45349.21,47981.58,248960.404,1613433599999,11872149326.83184,2721739,119328.817,5693484067.17141,0
1613433600000,47981.60,50953.44,47101.02,49197.94,343592.011,1613519999999,16865499630.28187,3477742,170702.582,8383271303.03656,0
1613520000000,49197.93,52800.00,49029.62,52194.62,312007.458,1613606399999,15897490858.65766,3332737,157467.485,8026680480.35362,0
1613606400000,52194.62,52640.00,50948.00,51619.70,185489.890,1613692799999,9627115933.97444,2199927,88315.345,4584365118.70008,0
1613692800000,51612.46,56582.00,50800.00,56004.10,257911.872,1613779199999,13784775685.92855,2913704,129990.325,6952543903.37133,0
1613779200000,56005.85,57699.00,53905.00,55917.41,240296.308,1613865599999,13529409884.87238,2830372,115701.933,6517025362.77697,0
1613865600000,55908.45,58472.14,55564.50,57487.43,196820.573,1613951999999,11254047090.53712,2277504,97912.556,5599464711.05343,0
1613952000000,57475.50,57591.87,47751.42,54121.10,480660.187,1614038399999,25951996709.77277,4903878,228365.294,12342132886.79660,0
1614038400000,54125.55,54260.12,44893.82,48930.00,748737.462,1614124799999,36297078764.52196,8009736,368110.652,17851832105.34830,0
1614124800000,48930.01,51435.58,47000.00,49702.03,333415.219,1614211199999,16590055728.58514,3748411,165014.334,8212207708.16425,0
1614211200000,49702.05,52134.96,46685.43,47089.37,349943.016,1614297599999,17447887799.89135,3922104,172353.771,8600369481.86736,0
1614297600000,47087.97,48438.01,44100.00,46313.13,440670.320,1614383999999,20499678357.29738,4687978,217772.731,10135954016.12082,0
1614384000000,46313.12,48476.05,44926.77,46102.63,256027.074,1614470399999,12038528819.38199,2956397,126959.956,5969498435.10788,0
1614470400000,46097.09,46678.00,43002.05,45163.36,370358.825,1614556799999,16549302262.98406,4080209,183636.780,8206337628.79557,0
1614556800000,45162.64,49800.00,44972.49,49592.70,315659.931,1614643199999,15061638936.44410,3611436,158078.422,7544487587.25809,0
1614643200000,49594.99,50221.77,47058.06,48450.57,273100.435,1614729599999,13251422043.06818,2970983,133977.099,6501372777.38002,0
1614729600000,48454.21,52681.51,48110.66,50373.75,350311.234,1614815999999,17795826816.36179,3781970,176625.272,8973331373.35146,0
1614816000000,50373.75,51800.00,47500.00,48385.77,387428.957,1614902399999,19138827120.97486,4199301,188509.044,9316363162.04460,0
1614902400000,48385.77,49470.00,46320.00,48770.57,354602.756,1614988799999,16912469978.52838,3864290,175791.280,8385994290.72248,0
1614988800000,48772.68,49253.63,47090.00,48908.21,215092.910,1615075199999,10381734354.30114,2557063,106587.185,5145716456.27842,0
1615075200000,48908.21,51480.00,48908.21,50995.27,248398.116,1615161599999,12500440245.10043,2883079,125296.257,6305916043.13975,0
1615161600000,50991.35,52450.00,49310.00,52429.43,308339.866,1615247999999,15655716338.59208,3279581,155092.510,7877090707.62844,0
1615248000000,52429.43,54950.00,51880.00,54917.78,285604.798,1615334399999,15409273884.44570,3312320,140878.102,7601587041.40018,0
1615334400000,54917.78,57500.92,53061.00,55947.98,401159.493,1615420799999,22279865576.81882,4457083,197030.813,10945834708.32220,0
1615420800000,55949.30,58283.00,54356.44,57844.52,364681.318,1615507199999,20569039537.45370,4355363,177889.476,10037536966.99869,0
1615507200000,57842.64,58186.33,55074.30,57291.03,335495.042,1615593599999,19043301948.53840,4054963,163059.636,9258204347.64983,0
1615593600000,57291.04,61950.00,56136.00,61267.41,320322.173,1615679999999,18993462517.01946,3901445,163088.218,9672335710.00012,0
1615680000000,61267.41,61798.00,59005.00,59037.12,231991.901,1615766399999,14012489135.14827,2783273,111414.603,6732127310.64745,0
1615766400000,59037.11,60740.00,54517.28,55646.61,448820.830,1615852799999,25683051451.71488,4839296,216862.556,12413877922.53143,0
1615852800000,55646.61,56988.00,53335.00,56954.19,339718.202,1615939199999,18756792660.06864,4041818,167192.901,9235749666.02367,0
1615939200000,56953.23,59078.79,54154.93,58959.00,339397.712,1616025599999,19076274044.57065,3916228,168453.582,9472373944.11505,0
1616025600000,58959.01,60510.00,57072.00,57700.01,305100.026,1616111999999,17876750420.56641,3505186,146854.697,8607128783.55504,0
1616112000000,57700.01,59550.00,56301.27,58089.11,259039.479,1616198399999,15107378224.02806,3136922,128071.253,7471941657.80573,0
1616198400000,58089.11,59948.00,57881.00,58145.61,203680.149,1616284799999,12000524068.54844,2543381,100819.551,5941806972.74230,0
1616284800000,58144.44,58638.70,55403.55,57415.18,237518.696,1616371199999,13576194106.98524,2940088,115249.868,6588584990.97905,0
1616371200000,57415.19,58500.00,53635.81,54129.56,293062.947,1616457599999,16556509289.78695,3557593,140398.942,7936406259.22970,0
1616457600000,54129.56,55890.68,52981.40,54400.00,276199.041,1616543999999,15088688822.77058,3202573,134532.639,7351102130.74858,0
1616544000000,54400.00,57234.79,51666.00,52311.54,394172.526,1616630399999,21637316948.63563,4140709,189909.676,10427034831.44092,0
1616630400000,52307.89,53255.20,50452.08,51325.21,416848.091,1616716799999,21627711387.30238,4302154,204849.290,10630602356.39878,0
1616716800000,51325.21,55123.00,51260.00,55030.00,271957.842,1616803199999,14483003307.72439,2948225,136780.445,7286122829.28683,0
1616803200000,55030.00,56658.76,54001.00,55828.00,234435.346,1616889599999,12939134315.65276,2589316,117057.480,6461486294.95898,0
1616889600000,55828.00,56588.31,54694.91,55805.08,200603.768,1616975999999,11188756872.79973,2260517,97635.468,5446627096.10740,0
1616976000000,55804.16,58490.11,54931.15,57677.64,277215.268,1617062399999,15858571872.53349,3043409,138125.585,7902278216.89052,0
1617062400000,57676.14,59560.00,57110.00,58794.16,232824.065,1617148799999,13629362092.38509,2568718,115846.127,6782192557.11194,0
1617148800000,58794.17,59920.00,56812.00,58807.24,337038.349,1617235199999,19776038991.85102,3429371,165663.891,9722384780.61966,0
1617235200000,58810.99,59592.22,58002.00,58794.01,196332.114,1617321599999,11561694922.60452,2133428,94680.735,5576910250.62599,0
1617321600000,58797.56,60397.85,58490.03,59031.36,189391.958,1617407999999,11251166314.77901,2130064,92589.845,5501759219.26745,0
1617408000000,59028.99,59925.00,56900.00,57134.65,198636.171,1617494399999,11672141257.52950,2247303,93687.055,5507316845.02153,0
1617494400000,57134.65,58553.00,56517.23,58234.61,152454.122,1617580799999,8785593781.44870,1778714,74594.627,4298930356.92053,0
1617580800000,58234.61,59385.00,56808.94,59243.39,174338.646,1617667199999,10144751892.15272,2011408,86261.207,5020733701.78477,0
1617667200000,59243.40,59626.18,57500.00,58059.99,165562.029,1617753599999,9681501016.80336,1949118,78636.425,4599489382.51682,0
1617753600000,58060.00,58720.00,55536.07,56018.18,265271.707,1617839999999,15106714000.51917,2888669,127561.230,7266072196.91067,0
1617840000000,56018.17,58200.00,55759.13,58122.26,161389.858,1617926399999,9238696877.00206,1886407,79929.236,4575915375.84600,0
1617926400000,58122.93,58950.00,57700.00,58176.03,141690.144,1618012799999,8260112160.68546,1631493,68304.747,3982540627.14329,0
1618012800000,58176.04,61800.00,57943.95,59832.43,240907.592,1618099199999,14476191585.21529,2568013,119096.213,7157469285.62444,0
1618099200000,59832.43,60816.88,59304.02,60090.20,148499.824,1618185599999,8896497492.08689,1746745,72619.760,4351151151.09791,0
1618185600000,60093.26,61449.91,59500.00,59911.18,196147.561,1618271999999,11824507197.55324,2141177,95108.161,5734975155.22372,0
1618272000000,59911.19,63850.00,59873.01,63649.71,279389.492,1618358399999,17408986053.32569,2892252,140923.132,8780939219.37818,0
1618358400000,63645.05,64986.11,61404.00,63019.10,323454.880,1618444799999,20512671253.01205,3346550,156510.701,9929585946.74859,0
1618444800000,63018.34,63905.83,62157.89,63232.55,178604.198,1618531199999,11249310339.67892,2024715,87075.284,5485022345.59523,0
1618531200000,63232.56,63600.00,60100.00,61424.67,255765.893,1618617599999,15740427372.09463,2804338,121036.230,7449257284.08417,0
1618617600000,61424.67,62610.00,59620.00,60090.14,194112.299,1618703999999,11862499746.34749,2207548,93148.597,5693534487.52435,0
1618704000000,60090.14,60450.00,50050.00,56140.05,522006.276,1618790399999,29025717493.56943,6123918,252168.822,14018811988.55912,0
1618790400000,56140.05,57532.70,54200.00,55634.39,285041.716,1618876799999,15980367367.83548,3236025,143616.601,8051128791.40327,0
1618876800000,55634.38,57060.00,53330.82,56410.56,324494.085,1618963199999,17936263515.61460,3582497,162242.595,8971427492.43393,0
1618963200000,56411.25,56756.78,53610.00,53800.00,252601.972,1619049599999,13965417339.88797,2845696,123964.306,6854806169.00296,0
1619049600000,53794.72,55470.51,50534.34,51714.61,453489.185,1619135999999,24205456559.06127,4873286,221218.308,11813566887.35889,0
1619136000000,51714.62,52152.00,47546.16,51122.62,554666.026,1619222399999,27531602634.09058,6054609,274558.141,13629077944.53636,0
1619222400000,51122.63,51183.51,48690.00,50092.40,299663.131,1619308799999,14965045326.88724,3282516,149703.941,7477472717.86995,0
1619308800000,50094.27,50577.90,46930.43,49063.94,310306.501,1619395199999,15286993330.16040,3435937,153656.562,7571006217.21005,0
1619395200000,49063.94,54364.89,48763.00,53984.33,390494.148,1619481599999,20594394185.15647,4041188,197841.645,10431552962.91697,0
1619481600000,53984.34,55500.00,53225.14,55006.25,225440.361,1619567999999,12306057432.26168,2477387,112884.676,6162834063.94718,0
1619568000000,55006.25,56574.13,53852.00,54861.77,263170.559,1619654399999,14420430887.67137,2888503,131082.500,7183518215.47213,0
1619654400000,54861.76,55222.02,52350.00,53558.80,257045.190,1619740799999,13822718178.83627,2688481,127031.172,6833291872.42656,0
1619740800000,53558.57,57935.00,53043.62,57684.16,294683.751,1619827199999,16384605220.97516,3019948,149518.525,8315079818.67337,0
1619827200000,57688.29,58488.17,57051.23,57836.34,207854.398,1619913599999,12008585817.99517,2169172,101536.816,5866748058.07978,0
1619913600000,57836.35,57959.97,56100.00,56630.33,203712.515,1619999999999,11572672993.01727,2158896,99756.992,5667719491.57470,0
1620000000000,56630.34,59056.59,56500.65,57214.83,271733.972,1620086399999,15734811253.15819,2777144,132370.598,7666370909.60230,0
1620086400000,57214.84,57253.76,53094.59,53263.32,388988.754,1620172799999,21460954657.12040,4022066,186838.898,10309863586.10520,0
1620172800000,53263.32,57940.00,52880.38,57497.77,317811.705,1620259199999,17803582010.46668,3168133,157928.022,8849371121.13764,0
1620259200000,57497.76,58450.00,55297.91,56435.35,275471.204,1620345599999,15686629190.12539,2863753,132665.788,7557562897.49729,0
1620345600000,56435.35,58800.00,55300.00,57350.88,256159.504,1620431999999,14595837163.97394,2804212,126475.962,7207953072.36045,0
1620432000000,57350.89,59590.96,56961.25,58924.98,264906.729,1620518399999,15519326694.29709,2983532,131000.734,7675508227.49895,0
1620518400000,58926.36,59335.19,56316.00,58292.53,245954.014,1620604799999,14240035980.97883,2634641,119645.903,6927804257.57439,0
1620604800000,58292.53,59654.00,53250.00,55869.67,396237.133,1620691199999,22695249844.91265,4094344,189136.115,10844077454.67398,0
1620691200000,55869.41,56908.66,54541.33,56710.43,267226.104,1620777599999,14894271373.24978,2884389,132260.278,7373159319.90101,0
1620777600000,56712.70,58049.99,48503.74,49595.76,472329.152,1620863999999,25827757899.75109,4959229,226300.237,12397437399.69988,0
1620864000000,49596.75,51358.00,45596.32,49707.90,652476.689,1620950399999,32261339754.84351,7526904,322110.313,15935570082.47099,0
1620950400000,49706.27,51533.00,48870.41,49873.27,319069.002,1621036799999,16003223041.87315,3217006,157823.335,7916975492.34399,0
1621036800000,49873.26,50709.43,46584.32,46793.41,442023.496,1621123199999,21481317002.84265,4479965,217900.451,10593652751.25961,0
1621123200000,46794.62,49829.39,43866.00,46429.28,604537.630,1621209599999,28364127431.87493,6085883,299652.078,14063688008.36275,0
1621209600000,46429.28,46655.00,42151.00,43566.18,809129.365,1621295999999,35658317191.93991,8158638,401014.247,17674388203.07161,0
1621296000000,43565.11,45846.61,42268.00,42882.53,590358.592,1621382399999,25938880316.66994,5914414,292955.199,12878099303.52242,0
1621382400000,42882.54,43615.93,28688.00,36689.14,1373851.849,1621468799999,52959873009.79825,14748747,669982.224,25845935628.43135,0
1621468800000,36689.14,42460.00,34882.00,40500.30,775185.113,1621555199999,30672617975.08359,9532573,394043.218,15593739946.04254,0
1621555200000,40500.00,42270.42,33400.00,37211.02,930671.747,1621641599999,35509680104.40348,10769140,469515.149,17925522942.55180,0
1621641600000,37210.01,38851.34,35201.11,37432.58,588166.784,1621727999999,21993863634.95327,6992444,297486.129,11127660763.09632,0
1621728000000,37436.00,38261.71,31096.70,34651.60,996815.017,1621814399999,34118866979.40657,11641510,506715.498,17345904702.89521,0
1621814400000,34656.53,39917.09,34366.00,38779.66,707903.071,1621900799999,26315302276.99865,7477510,360446.724,13400814836.74986,0
1621900800000,38783.58,39790.05,36439.32,38326.84,598836.411,1621987199999,22712004628.95159,6334066,298979.695,11341036451.33269,0
1621987200000,38326.84,40900.00,37804.76,39224.20,577032.810,1622073599999,22649858073.55562,5587876,282381.294,11086961304.74953,0
1622073600000,39224.21,40438.82,37133.22,38527.38,543338.566,1622159999999,21083767719.11829,5251225,271687.677,10546081512.48640,0
1622160000000,38527.38,38888.35,34689.57,35670.99,832363.425,1622246399999,30299787311.85723,7510187,412404.682,15015237037.52811,0
1622246400000,35670.99,37375.00,33650.00,34611.94,733902.825,1622332799999,25787790806.91650,7000689,367446.003,12913333052.21280,0
1622332800000,34611.95,36501.00,33356.00,35651.81,511834.746,1622419199999,18116421636.30937,4973296,257610.913,9120678575.43941,0
1622419200000,35651.80,37500.00,34150.00,37243.38,635082.121,1622505599999,22929964892.05690,5580461,321542.813,11612743466.13245,0
1622505600000,37244.36,37893.76,35500.00,36693.41,590822.540,1622591999999,21609364827.08958,5297320,291774.994,10673866023.68145,0
1622592000000,36694.37,38232.99,35905.00,37569.99,441719.806,1622678399999,16479965808.26946,4080217,223993.314,8358143926.28754,0
1622678400000,37570.00,39470.00,37150.15,39247.40,507429.005,1622764799999,19590443294.67527,4505482,254932.483,9843247414.77212,0
1622764800000,39247.40,39297.35,35552.51,36828.03,700625.866,1622851199999,25922946606.60956,6025185,345357.923,12774740375.75271,0
1622851200000,36828.03,37900.49,34800.00,35498.62,631028.448,1622937599999,22946553087.06278,5611429,314764.238,11449282806.42592,0
1622937600000,35497.93,36521.16,35201.86,35801.71,443601.064,1623023999999,15937978040.90477,3944742,223278.007,8024370238.93679,0
1623024000000,35801.71,36820.00,33200.00,33550.96,636735.873,1623110399999,22666564580.47221,5458401,310818.010,11073658295.09303,0
1623110400000,33550.97,34061.57,30969.00,33372.58,976693.026,1623196799999,31912200461.05386,8000201,498099.819,16278416362.28090,0
1623196800000,33372.58,37511.31,32390.00,37368.45,1031014.087,1623283199999,36050659489.10996,8470399,537306.363,18796151375.77446,0
1623283200000,37369.99,38489.00,35750.00,36669.66,803185.699,1623369599999,29775084407.93657,6960056,404579.353,15001513325.93235,0
1623369600000,36669.65,37679.54,35900.00,37300.42,586122.898,1623455999999,21668792470.73891,5557717,295845.744,10939750582.11919,0
1623456000000,37300.41,37432.95,34585.90,35537.05,623532.476,1623542399999,22229082760.92563,5782385,309751.368,11043722494.43351,0
1623542400000,35535.95,39374.18,34739.06,38993.65,647035.314,1623628799999,23729185499.53586,6085040,337261.471,12374577556.53247,0
1623628800000,38993.66,41000.00,38720.00,40489.10,704979.881,1623715199999,28043323953.58158,6811137,355119.315,14128754783.28046,0
1623715200000,40489.10,41413.00,39500.00,40132.86,632066.994,1623801599999,25426404028.57427,5854306,314409.675,12650483167.50543,0
1623801600000,40132.86,40495.00,38105.00,38344.97,673235.496,1623887999999,26431149487.44754,6317711,331713.202,13025303413.01145,0
1623888000000,38344.97,39565.00,37334.76,38060.71,603849.861,1623974399999,23274089670.02650,5362882,295854.255,11406245614.85416,0
1623974400000,38060.71,38198.00,35100.00,35811.41,790379.249,1624060799999,29108720481.11914,6722621,384890.019,14175092156.81465,0
1624060800000,35811.41,36471.80,34704.08,35483.00,642185.382,1624147199999,22933053073.80613,5504522,325285.229,11619914713.00306,0
1624147200000,35483.01,36155.00,33312.00,35588.64,829896.441,1624233599999,28839255734.67477,6811270,414731.625,14413500146.30341,0
1624233600000,35588.63,35746.28,31250.51,31606.00,1397330.662,1624319999999,45999742162.57469,11529993,695656.128,22900777630.75992,0
1624320000000,31606.00,33274.00,28780.01,32496.00,1531824.850,1624406399999,48118035155.63216,12592839,777675.178,24441934051.07848,0
1624406400000,32496.00,34867.77,31711.50,33649.00,960700.369,1624492799999,32385728391.32214,8005763,485348.455,16366636856.60897,0
1624492800000,33650.00,35406.74,32300.00,34644.64,774899.165,1624579199999,26142284529.30551,6393985,394437.794,13312586655.91992,0
1624579200000,34644.65,35500.00,31250.00,31568.07,1093051.375,1624665599999,36220815800.34415,8575198,541149.203,17936513486.82303,0
1624665600000,31569.18,32720.52,30120.00,32255.56,1091384.749,1624751999999,34169368151.21496,8830795,557734.296,17466170545.43790,0
1624752000000,32250.15,34762.00,31960.00,34687.71,897147.453,1624838399999,29675701648.44259,7266511,454619.868,15045295595.19429,0
1624838400000,34687.71,35279.38,33855.00,34487.22,706158.545,1624924799999,24347802821.64672,6016466,355069.274,12246040828.13715,0
1624924800000,34486.58,36623.00,34206.00,35911.26,806140.329,1625011199999,28651151982.42255,6564763,409013.437,14537250410.02210,0
1625011200000,35910.64,36089.96,34042.74,35031.39,719742.983,1625097599999,25089717253.91246,5747819,356802.679,12438366589.28018,0
1625097600000,35031.39,35044.98,32672.04,33489.96,758966.493,1625183999999,25510026886.15879,5725261,375106.718,12606410327.93259,0
1625184000000,33489.96,33960.00,32684.00,33760.94,664923.202,1625270399999,22117194903.82862,5408686,340677.815,11334703899.01985,0
1625270400000,33760.94,34948.16,33296.98,34652.94,510614.258,1625356799999,17523073397.64332,3994573,260819.897,8950980444.32045,0
1625356800000,34653.32,35955.55,34340.75,35280.16,451001.556,1625443199999,15913944818.06252,3486378,226888.582,8006374310.35749,0
1625443200000,35280.17,35281.55,33032.00,33672.72,736706.409,1625529599999,25080538853.98890,5192876,360470.052,12271202611.23374,0
1625529600000,33672.72,35120.00,33500.00,34206.01,644229.007,1625615999999,22007603921.13660,5169120,322753.561,11027629244.34370,0
1625616000000,34206.00,35089.56,33756.48,33845.64,456218.909,1625702399999,15756590092.29847,4023843,227742.653,7867728707.26984,0
1625702400000,33845.63,33910.00,32066.00,32852.04,650317.664,1625788799999,21360817082.62111,5260499,323160.995,10615570597.99290,0
1625788800000,32855.00,34100.00,32250.00,33805.01,485662.879,1625875199999,16088319381.03029,4150223,250884.926,8312998964.20329,0
1625875200000,33805.01,34248.58,33010.00,33497.98,410271.979,1625961599999,13822726226.60229,3501607,204915.729,6906014551.50074,0
1625961600000,33497.98,34629.62,33306.03,34253.81,343905.350,1626047999999,11640701255.89198,3000523,176940.803,5990846866.86341,0
1626048000000,34253.88,34662.73,32650.00,33070.87,502747.758,1626134399999,16891641370.32395,4018132,245962.609,8265506238.32986,0
1626134400000,33070.86,33336.00,32186.99,32709.09,466567.713,1626220799999,15294563607.10545,3656943,234107.388,7675802680.57234,0
1626220800000,32708.66,33176.47,31556.02,32803.01,521140.410,1626307199999,16871855472.03737,4012431,262021.050,8485513802.58707,0
1626307200000,32803.00,33170.00,31140.00,31866.43,539111.667,1626393599999,17249306209.93983,4036910,263010.043,8416797835.08934,0
1626393600000,31865.53,32245.00,31018.59,31382.95,516577.743,1626479999999,16377889184.44778,3914018,262402.614,8320877289.58821,0
1626480000000,31382.96,31945.00,31150.02,31496.65,422650.418,1626566399999,13327067038.85016,3259417,215057.568,6782243444.37977,0
1626566400000,31496.65,32435.93,31075.10,31767.00,412189.401,1626652799999,13084053080.66186,3159782,206750.025,6564247416.45307,0
1626652800000,31765.23,31890.00,30358.77,30823.62,486305.627,1626739199999,15114690213.58257,3696993,239872.092,7457837382.74176,0
1626739200000,30823.62,31050.00,29242.24,29775.90,602688.190,1626825599999,17961608394.43468,4318098,300341.487,8950176484.83061,0
1626825600000,29775.89,32883.90,29472.41,32120.00,787077.390,1626911999999,24708991011.44716,5398212,408430.273,12814699908.94617,0
1626912000000,32120.00,32583.48,31700.00,32268.11,397258.936,1626998399999,12754500028.76495,3291672,200967.505,6453550589.50494,0
1626998400000,32268.12,33650.00,31970.82,33634.46,404650.016,1627084799999,13173247545.92480,3284595,209327.397,6819041424.33657,0
1627084800000,33631.74,34471.00,33379.81,34230.00,376046.028,1627171199999,12732082908.68063,3121090,190979.219,6467135429.17749,0
1627171200000,34230.00,35400.00,33812.00,35370.66,404114.844,1627257599999,13893942170.58207,3362822,207376.594,7134453269.45370,0
1627257600000,35370.67,48168.60,35185.49,37218.09,1162332.857,1627343999999,44475672628.66526,9156876,586176.914,22425600825.52282,0
1627344000000,37218.09,39546.34,36384.31,39442.33,675104.157,1627430399999,25492243891.00927,5881831,340143.342,12848462227.13766,0
1627430400000,39448.06,40894.00,38753.00,40003.08,736196.234,1627516799999,29337785847.17598,6959669,365704.726,14579463697.26577,0
1627516800000,40003.08,40665.00,39203.83,40012.90,463917.872,1627603199999,18494873369.93170,4559744,233268.288,9302179707.59268,0
1627603200000,40012.89,42316.60,38320.00,42203.25,561474.309,1627689599999,22382077430.50685,5291572,284487.227,11351258183.49808,0
1627689600000,42202.60,42494.00,41030.19,41448.11,381521.899,1627775999999,15885174209.01891,3846882,186824.054,7779977716.89137,0
1627776000000,41448.10,42614.98,39350.40,39846.78,487529.044,1627862399999,20123271133.84008,4662543,237744.158,9821130502.65732,0
1627862400000,39846.78,40450.00,38658.00,39147.48,451872.128,1627948799999,17868768676.14336,4318497,222510.659,8801433868.58386,0
1627948800000,39147.47,39774.93,37600.00,38203.26,517219.517,1628035199999,19870811472.42814,4801837,254829.126,9792216851.03109,0
1628035200000,38201.33,39975.32,37500.00,39731.31,479560.473,1628121599999,18566815767.50786,4413240,240426.769,9310224823.65381,0
1628121600000,39731.31,41350.00,37291.00,40882.40,746249.712,1628207999999,29293280083.50881,6512116,371863.380,14601667628.04093,0
1628208000000,40882.39,43400.00,39849.82,42825.43,653451.154,1628294399999,27084444322.36515,6108565,331004.461,13721544659.93005,0
1628294400000,42825.43,44753.01,42395.20,44601.11,583750.891,1628380799999,25434912724.49232,5973520,295584.445,12883268256.66359,0
1628380800000,44601.11,45350.00,43265.00,43787.71,553684.698,1628467199999,24546996022.15984,5639557,276106.656,12243631779.90590,0
1628467200000,43787.71,46483.00,42785.00,46259.70,626220.503,1628553599999,28215980001.72800,6262199,316796.461,14276727540.04512,0
1628553600000,46259.70,46800.00,44670.05,45589.99,460478.861,1628639999999,20993395642.65772,4679043,226898.781,10347321972.82084,0
1628640000000,45589.99,46754.27,45354.00,45522.12,390660.571,1628726399999,18016171890.37027,3948283,194652.975,8978680567.47740,0
1628726400000,45522.13,46226.67,43800.00,44385.09,468276.056,1628812799999,21002449071.36338,4731727,230524.439,10342004426.97416,0
1628812800000,44385.09,47980.69,44208.88,47792.52,438025.460,1628899199999,20268188738.82734,4397367,224999.550,10413063530.06627,0
1628899200000,47792.52,48300.00,46000.00,47083.74,374368.796,1628985599999,17592436753.37547,3874327,184208.521,8659821371.39510,0
1628985600000,47083.75,47388.75,45480.00,47006.02,370950.807,1629071999999,17184325858.98103,3856811,182320.165,8446265394.78410,0
1629072000000,47006.02,48074.23,45682.03,45926.23,412537.605,1629158399999,19341043030.76062,4045954,201112.169,9431523717.39454,0
1629158400000,45926.23,47194.00,44412.01,44704.84,474316.400,1629244799999,21777823959.04203,4617189,230091.679,10569169050.43010,0
1629244800000,44704.85,46050.00,44227.32,44714.09,395836.158,1629331199999,17865646754.68377,4068589,198145.782,8945317255.97245,0
1629331200000,44714.09,47100.00,43938.38,46772.00,439402.162,1629417599999,19883402232.55334,4289786,221338.968,10021661857.69602,0
1629417600000,46772.00,49500.00,46650.00,49332.74,401499.081,1629503999999,19242378733.46022,3984145,205499.228,9850869343.91272,0
1629504000000,49332.99,49833.00,48250.00,48848.29,347594.451,1629590399999,17049427213.44250,3387346,173433.357,8507712124.16355,0
1629590400000,48846.11,49556.20,48075.81,49273.28,294672.223,1629676799999,14395479952.62928,2925925,146268.093,7147255100.99184,0
1629676800000,49273.28,50600.00,49075.01,49523.91,355733.496,1629763199999,17745733776.00453,3345792,175956.297,8778713187.66257,0
1629763200000,49523.23,49888.88,47600.00,47719.36,398682.002,1629849599999,19450210328.35084,3585585,193775.029,9455239479.13845,0
1629849600000,47719.37,49297.80,47130.57,48992.65,389100.384,1629935999999,18737744219.73293,3410366,194689.116,9377561685.95746,0
1629936000000,48992.65,49380.00,46280.00,46853.06,475183.123,1630022399999,22473235582.72602,4109457,230104.076,10882546865.84612,0
1630022400000,46854.22,49220.00,46359.97,49083.98,403667.012,1630108799999,19245054649.63430,3627060,205164.652,9784560548.71865,0
1630108800000,49082.13,49333.00,48395.65,48931.99,222793.024,1630195199999,10891802522.97636,2305599,109948.674,5376041357.07675,0
1630195200000,48931.99,49769.20,47741.31,48795.41,315105.499,1630281599999,15338512478.06670,2921430,155344.998,7564561738.66223,0
1630281600000,48795.42,48916.25,46876.49,47024.70,351830.754,1630367999999,16883434689.08808,3200639,169917.924,8155152972.32927,0
1630368000000,47024.69,48298.00,46731.03,47150.32,365548.209,1630454399999,17331998427.24321,3297842,181913.890,8626841720.98086,0
1630454400000,47150.32,49160.79,46550.99,48842.94,350108.374,1630540799999,16740393336.66525,3281474,175891.948,8411757819.98881,0
1630540800000,48842.93,50420.00,48631.20,49299.14,361863.055,1630627199999,17997935761.14562,3429775,179442.573,8925896891.22235,0
1630627200000,49299.14,51111.00,48333.00,50027.08,430326.386,1630713599999,21513177165.61612,3937764,215451.423,10774514331.29711,0
1630713600000,50027.09,50582.08,49360.00,49940.74,274956.842,1630799999999,13759937547.89140,2715890,136190.266,6816489865.12176,0
1630800000000,49942.20,51950.00,49462.59,51799.57,288984.124,1630886399999,14588935796.41607,2959186,148048.724,7476811101.85916,0
1630886400000,51799.56,52830.00,51040.00,52683.97,297734.284,1630972799999,15423250787.26498,2960058,152032.163,7878007501.94202,0
1630972800000,52683.98,52950.00,42088.00,46864.39,764140.139,1631059199999,37281067593.00847,6793714,364036.276,17766872118.19381,0
1631059200000,46864.38,47347.00,44431.00,46062.29,435803.011,1631145599999,20085515480.72311,4352909,214784.769,9901190268.13891,0
1631145600000,46060.02,47400.00,45500.00,46413.88,309015.750,1631231999999,14346157049.46551,3136000,152282.069,7071663571.91131,0
1631232000000,46413.88,47037.50,44120.00,44860.83,343533.069,1631318399999,15708080883.28685,3380700,167338.043,7655525177.57464,0
1631318400000,44860.83,45999.00,44737.40,45193.78,194144.115,1631404799999,8807681962.10374,2214791,97883.696,4441300872.20317,0
1631404800000,45194.19,46512.20,44746.51,46046.73,223534.630,1631491199999,10201271595.70855,2321178,113248.808,5169330709.00293,0
1631491200000,46048.02,46933.89,43323.93,44975.96,448942.068,1631577599999,20131171676.01450,4145907,220554.171,9893624870.94141,0
1631577600000,44975.96,47272.98,44692.90,47087.18,277925.721,1631663999999,12831694974.04345,2897568,141470.816,6533364437.31527,0
1631664000000,47087.18,48440.93,46675.00,48106.12,244226.370,1631750399999,11624351579.75172,2516058,125186.650,5959025457.47176,0
1631750400000,48106.13,48488.00,47038.21,47745.55,260044.727,1631836799999,12433719043.28008,2620820,129615.057,6198461875.58339,0
1631836800000,47745.55,48150.00,46750.00,47303.11,226193.340,1631923199999,10742174762.67011,2357112,111793.653,5310355895.92158,0
1631923200000,47303.11,48850.00,47044.32,48285.15,207900.413,1632009599999,10031215317.91942,2155659,104344.769,5035054849.54531,0
1632009600000,48284.61,48364.64,46840.00,47256.91,212631.933,1632095999999,10122579342.97277,2174041,103064.050,4907156041.61025,0
1632096000000,47256.92,47345.00,42467.86,43026.60,600764.629,1632182399999,26601166549.81395,5157870,290520.904,12860508090.05220,0
1632182400000,43026.61,43629.60,39503.58,40726.10,683242.002,1632268799999,28674205460.24377,5802228,336573.263,14133698112.39341,0
1632268800000,40727.83,43989.98,40551.49,43520.00,400849.752,1632355199999,17055828172.61599,3884352,205402.776,8740895418.59424,0
1632355200000,43520.00,44976.48,43056.00,44828.29,330253.525,1632441599999,14552188970.80982,3230032,166949.881,7357628110.33826,0
1632441600000,44828.29,45134.33,40650.00,42798.49,608595.520,1632527999999,25937929795.87510,5382969,306893.320,13080834457.95401,0
1632528000000,42798.49,42950.00,41630.26,42540.85,265454.851,1632614399999,11277496387.82577,2530815,132591.858,5633655567.51242,0
