Datetime,Open,High,Low,Close,Volume,1,2,3,4,5,6
1632455100000,44433.45,44437.95,44300.00,44343.43,1087.787,1632455399999,48258847.84197,9041,368.432,16349798.54261,0
1632455400000,44342.70,44343.43,44252.53,44286.42,958.133,1632455699999,42436994.60960,9785,349.373,15477201.58718,0
1632455700000,44286.41,44288.91,44200.00,44270.30,1138.276,1632455999999,50360380.52379,12180,515.710,22819729.26532,0
1632456000000,44270.31,44342.59,44233.82,44320.29,791.881,1632456299999,35069659.75531,8813,468.943,20770370.43898,0
1632456300000,44320.30,44375.49,44255.00,44255.00,649.103,1632456599999,28778150.86290,7228,358.544,15898480.56242,0
1632456600000,44255.00,44278.27,44020.03,44117.07,3301.971,1632456899999,145706948.36411,26760,1253.868,55326842.96458,0
1632456900000,44117.08,44210.65,44057.65,44207.34,981.770,1632457199999,43337646.48086,11300,562.288,24822678.11038,0
1632457200000,44207.35,44243.23,44106.03,44168.32,1096.009,1632457499999,48429109.38700,9852,477.955,21122284.86415,0
1632457500000,44168.32,44233.48,44144.37,44162.73,469.561,1632457799999,20751456.24913,5772,263.737,11655749.06992,0
1632457800000,44162.73,44259.30,44150.75,44204.50,562.976,1632458099999,24891845.71640,6682,311.294,13764210.52866,0
1632458100000,44204.50,44279.67,44190.49,44265.94,416.294,1632458399999,18420367.42565,5496,255.478,11304443.32869,0
1632458400000,44265.93,44293.12,44255.00,44271.81,429.996,1632458699999,19039630.39353,5273,241.270,10683459.66594,0
1632458700000,44271.80,44293.00,44243.85,44267.03,402.425,1632458999999,17816168.85649,4483,167.393,7411276.53018,0
1632459000000,44267.04,44299.00,44210.95,44216.30,549.289,1632459299999,24306539.84732,5436,189.921,8403855.88209,0
1632459300000,44216.30,44287.00,44170.78,44255.00,496.472,1632459599999,21954324.35421,6314,253.529,11212650.76359,0
1632459600000,44256.55,44270.00,44154.66,44154.66,437.089,1632459899999,19322791.87947,6044,214.329,9476507.45807,0
1632459900000,44154.67,44171.83,44082.83,44147.73,941.918,1632460199999,41561659.42744,9366,459.738,20287263.40931,0
1632460200000,44147.72,44219.39,44116.47,44134.54,678.313,1632460499999,29961022.04657,6561,306.815,13555796.00305,0
1632460500000,44134.54,44138.96,44025.00,44040.24,1239.712,1632460799999,54646245.61485,11173,626.194,27606928.82255,0
1632460800000,44040.24,44050.03,43876.07,43905.01,2887.917,1632461099999,126912958.42616,24519,973.194,42773069.74288,0
1632461100000,43905.00,44030.59,43873.11,44009.51,1390.786,1632461399999,61148790.97128,12355,980.123,43099130.07654,0
1632461400000,44007.25,44019.14,43916.53,43999.79,632.327,1632461699999,27793115.79449,7917,296.427,13030042.38757,0
1632461700000,43999.80,44080.17,43999.80,44042.99,913.843,1632461999999,40248860.80723,8731,531.230,23398242.39638,0
1632462000000,44042.98,44150.00,44035.72,44109.02,922.319,1632462299999,40687876.26119,9639,564.314,24893754.85573,0
1632462300000,44109.01,44187.84,44082.53,44175.00,929.890,1632462599999,41048560.79327,9212,520.266,22968347.50356,0
1632462600000,44175.40,44185.00,44100.82,44150.38,542.138,1632462899999,23930489.96510,5718,227.595,10046480.45034,0
1632462900000,44150.03,44196.80,44127.12,44196.79,430.519,1632463199999,19007908.63295,5423,266.674,11774096.23689,0
1632463200000,44196.80,44287.49,44097.97,44283.84,1524.097,1632463499999,67380584.26732,13441,943.528,41729206.55800,0
1632463500000,44283.83,44333.00,44262.11,44331.98,1120.163,1632463799999,49625713.63906,11880,642.635,28471869.57865,0
1632463800000,44331.98,44338.70,44270.11,44289.01,916.499,1632464099999,40608339.62920,7924,291.348,12908327.52328,0
1632464100000,44289.01,44400.00,44289.01,44382.99,1144.377,1632464399999,50766839.39645,11304,720.691,31971432.95170,0
1632464400000,44383.00,44399.98,44344.00,44344.75,643.322,1632464699999,28545557.95644,7209,278.141,12342684.32408,0
1632464700000,44344.75,44373.48,44330.00,44334.84,360.528,1632464999999,15987940.49137,5015,141.930,6294139.72201,0
1632465000000,44334.83,44359.19,44259.15,44290.14,853.254,1632465299999,37796358.02153,8279,328.204,14539048.09051,0
1632465300000,44290.13,44292.00,44221.10,44235.20,594.992,1632465599999,26324653.64546,7203,258.219,11424529.09212,0
1632465600000,44235.20,44242.59,44150.00,44200.00,974.827,1632465899999,43072541.04298,9929,441.703,19516823.45996,0
1632465900000,44199.99,44227.19,44151.40,44202.50,593.863,1632466199999,26239955.23478,7114,374.692,16556665.80748,0
1632466200000,44202.49,44261.95,44154.48,44160.08,604.426,1632466499999,26720249.67400,7651,325.370,14385698.44153,0
1632466500000,44160.08,44160.09,44085.31,44091.78,735.033,1632466799999,32432472.97796,9114,336.176,14834095.32135,0
1632466800000,44091.78,44300.00,44083.00,44297.93,1276.151,1632467099999,56436433.99277,11027,865.670,38281235.67958,0
1632467100000,44299.23,44729.36,44227.93,44519.08,6069.802,1632467399999,270422665.22911,39257,3456.648,153991363.00215,0
1632467400000,44519.08,44659.00,44400.95,44588.51,2601.375,1632467699999,115835279.21358,22663,1353.406,60266427.49604,0
1632467700000,44589.92,44739.00,44581.77,44706.84,2227.765,1632467999999,99567763.54850,22504,1177.300,52618153.62089,0
1632468000000,44706.83,44710.00,44619.36,44619.80,1028.533,1632468299999,45928603.99481,12187,397.320,17742514.32006,0
1632468300000,44619.80,44630.00,44531.58,44605.28,1206.705,1632468599999,53794009.66573,12094,595.638,26554394.67880,0
1632468600000,44605.29,44710.00,44521.29,44688.68,1792.325,1632468899999,79954898.71477,16057,991.291,44228741.54250,0
1632468900000,44686.25,44729.12,44642.18,44643.99,983.170,1632469199999,43942926.59119,10840,448.874,20064653.38677,0
1632469200000,44643.99,45134.33,44587.02,44958.97,6543.350,1632469499999,293736436.32460,48338,4519.969,202891708.74557,0
1632469500000,44958.98,45109.70,44850.30,44884.00,4280.234,1632469799999,192489482.57586,37116,1940.021,87279114.60876,0
1632469800000,44883.99,44946.68,44817.54,44908.68,2067.457,1632470099999,92763926.44153,18235,1095.998,49182908.40473,0
1632470100000,44908.69,44984.16,44785.00,44785.01,1849.829,1632470399999,83049455.04772,17822,829.745,37260411.83175,0
1632470400000,44785.01,44960.00,44734.23,44922.01,2004.262,1632470699999,89920852.18863,18948,1027.174,46097419.36802,0
1632470700000,44922.01,44974.99,44875.51,44897.45,1211.728,1632470999999,54434427.72329,11763,545.615,24511198.13755,0
1632471000000,44896.70,44990.00,44886.44,44908.13,834.928,1632471299999,37518564.12648,9498,393.266,17673795.64705,0
1632471300000,44908.14,44995.14,44870.00,44933.63,959.630,1632471599999,43129452.54630,10478,416.249,18710651.21001,0
1632471600000,44933.64,44992.84,44925.44,44968.36,622.946,1632471899999,28011821.18047,8360,287.747,12939665.99198,0
1632471900000,44968.36,45050.00,44930.27,45019.66,1479.101,1632472199999,66563358.10609,13689,849.259,38220889.58536,0
1632472200000,45019.66,45029.99,44918.06,44968.50,1059.771,1632472499999,47647426.79572,10579,413.387,18586807.73104,0
1632472500000,44968.51,44987.33,44890.64,44913.31,1356.388,1632472799999,60949518.48433,10291,692.578,31120789.78473,0
1632472800000,44913.32,44940.20,44839.21,44873.03,985.843,1632473099999,44246538.42884,9725,355.867,15974208.10924,0
1632473100000,44873.03,44874.02,44775.35,44855.00,1059.522,1632473399999,47493702.99411,11005,462.496,20733174.43240,0
1632473400000,44855.00,44870.27,44627.00,44650.01,2428.520,1632473699999,108641944.86127,20508,1045.610,46780019.55874,0
1632473700000,44650.01,44688.80,44380.00,44500.00,4491.456,1632473999999,199996294.40750,37393,2106.012,93780442.09211,0
1632474000000,44500.00,44514.39,44116.66,44176.08,5630.169,1632474299999,249425538.00911,47415,2635.524,116772612.28415,0
1632474300000,44175.93,44218.00,43583.11,43619.59,10537.476,1632474599999,462551789.65239,94058,4929.058,216463346.54141,0
1632474600000,43613.74,43708.59,43407.72,43499.00,11135.028,1632474899999,485091419.17883,89592,5554.818,242076225.38091,0
1632474900000,43499.00,43499.00,42950.00,43306.61,15717.681,1632475199999,679641407.35973,115263,7605.966,329004454.87496,0
1632475200000,43306.61,43314.64,42935.00,42935.00,6910.176,1632475499999,298284831.80577,61562,3250.521,140393681.69006,0
1632475500000,42935.00,43153.90,42601.60,42787.24,10976.752,1632475799999,470345648.42400,94893,5319.729,228031514.39835,0
1632475800000,42785.29,43084.72,42764.95,42994.77,8649.719,1632476099999,371535347.84506,70241,4563.760,196056869.82624,0
1632476100000,42996.51,43177.93,42908.50,43116.71,4528.275,1632476399999,195032838.43901,39779,2354.821,101441582.46217,0
1632476400000,43116.70,43129.21,42920.06,42988.17,2664.479,1632476699999,114652551.60982,25716,1198.373,51568724.79292,0
1632476700000,42988.17,43035.36,42721.91,42820.34,5127.934,1632476999999,219835577.91273,43608,2492.725,106889143.52656,0
1632477000000,42820.35,42930.72,42687.00,42713.07,3703.821,1632477299999,158506215.53555,33574,1731.013,74093638.93288,0
1632477300000,42714.94,42728.42,42331.39,42357.05,10081.421,1632477599999,428220324.53134,79635,4273.009,181507598.07810,0
1632477600000,42357.04,42570.00,42185.55,42510.23,8386.935,1632477899999,355742374.85456,70928,4289.384,181997674.10394,0
1632477900000,42509.04,42550.00,42228.43,42535.00,4373.295,1632478199999,185358781.10063,40709,2239.181,94930594.13612,0
1632478200000,42535.00,42699.17,42461.49,42674.38,3398.638,1632478499999,144721353.48842,31413,2013.774,85763534.77233,0
1632478500000,42674.37,42674.38,42469.17,42574.19,2314.763,1632478799999,98488460.46606,24122,1118.422,47589041.14564,0
1632478800000,42573.33,42655.93,42405.50,42645.85,2207.435,1632479099999,93855863.54645,21689,1145.720,48729137.45357,0
1632479100000,42645.85,42650.43,42362.53,42478.50,1877.503,1632479399999,79726177.04506,19159,900.895,38254930.63912,0
1632479400000,42478.49,42478.50,42114.37,42222.94,4080.254,1632479699999,172465895.41812,35422,1778.022,75177732.95080,0
1632479700000,42224.16,42278.90,41928.21,42119.38,7799.156,1632479999999,328349474.30852,65653,3683.363,155131673.70046,0
1632480000000,42119.38,42360.74,42103.06,42125.20,4826.410,1632480299999,203857089.28206,38392,2928.447,123713316.44743,0
1632480300000,42126.24,42250.00,41936.97,42048.01,4418.906,1632480599999,186055218.39197,35275,2262.321,95289192.43692,0
1632480600000,42048.01,42277.54,42026.36,42147.73,5157.152,1632480899999,217555768.38083,37586,2696.288,113745302.16852,0
1632480900000,42147.74,42241.24,42070.95,42155.88,2036.585,1632481199999,85884262.19499,21739,1118.232,47160348.69026,0
1632481200000,42155.89,42300.00,41810.91,41901.34,7024.192,1632481499999,295128796.72582,56997,3171.746,133373423.65910,0
1632481500000,41901.33,41983.40,41615.00,41671.05,8487.867,1632481799999,354612097.45355,73207,4026.706,168289507.84846,0
1632481800000,41671.17,41775.85,41111.00,41174.64,14605.678,1632482099999,604066384.72811,109656,6473.942,267751220.68949,0
1632482100000,41174.65,41250.00,40650.00,41048.06,14513.296,1632482399999,594868388.31083,111178,6761.312,277240469.33054,0
1632482400000,41055.70,41651.57,41053.60,41556.20,9050.318,1632482699999,374392213.19678,78380,5494.806,227317304.97831,0
1632482700000,41552.48,41700.00,41346.30,41489.44,5450.698,1632482999999,226297824.22887,49911,2496.620,103703865.87379,0
1632483000000,41489.44,41543.53,41144.03,41215.46,4531.860,1632483299999,187231691.10670,37924,1668.781,68975923.24028,0
1632483300000,41213.38,41330.61,40914.71,41178.23,6376.780,1632483599999,262022947.62252,61409,3301.119,135674865.41740,0
1632483600000,41176.37,41500.00,41109.81,41473.39,5305.567,1632483899999,219148826.18992,45282,3131.134,129352988.15769,0
1632483900000,41476.56,41650.00,41308.35,41603.00,4796.264,1632484199999,199119039.55027,43054,2621.399,108862996.81258,0
1632484200000,41604.78,41677.23,41443.09,41599.25,2865.272,1632484499999,119066961.78058,26839,1378.939,57308631.24914,0
1632484500000,41599.24,41612.76,41401.43,41510.06,2264.243,1632484799999,94004413.49821,21373,1135.437,47147804.57413,0
1632484800000,41510.06,41558.52,41248.25,41297.00,3007.037,1632485099999,124451385.09545,27432,1235.558,51129996.29659,0
1632485100000,41297.00,41363.52,41041.06,41053.54,4661.193,1632485399999,192040671.03786,34963,1897.137,78174733.82233,0
1632485400000,41053.54,41287.53,41034.73,41100.00,3226.061,1632485699999,132781460.28073,31368,1761.254,72507368.05376,0
1632485700000,41100.00,41391.00,41076.04,41365.64,3250.635,1632485999999,134151902.18675,27480,2002.028,82633495.61257,0
1632486000000,41365.64,41542.73,41315.07,41533.00,3154.778,1632486299999,130724258.72808,29534,1891.924,78392707.41283,0
1632486300000,41533.00,41619.56,41439.28,41548.92,2286.313,1632486599999,94977304.56615,22111,1429.080,59375229.90354,0
1632486600000,41548.92,41567.73,41352.13,41440.19,2087.854,1632486899999,86530960.69359,19768,862.105,35723227.73061,0
1632486900000,41440.19,41443.72,41158.26,41358.79,4085.062,1632487199999,168620237.27391,27994,1772.137,73156150.28232,0
1632487200000,41358.79,41452.28,41306.59,41348.43,2355.261,1632487499999,97460700.17509,18432,1347.534,55770418.50087,0
1632487500000,41348.42,41386.00,41223.10,41385.20,1867.579,1632487799999,77117047.07880,17113,1104.182,45600217.48828,0
1632487800000,41368.59,41413.00,41105.69,41125.65,2851.262,1632488099999,117519728.30734,22650,1195.243,49276002.74689,0
1632488100000,41125.65,41239.60,40938.82,41155.46,4186.555,1632488399999,172006757.50514,35209,1995.757,82034209.64438,0
1632488400000,41161.79,41310.73,40818.19,41294.00,5667.414,1632488699999,232640039.68425,49095,2954.149,121356683.02937,0
1632488700000,41290.58,41300.63,40972.29,41074.49,2939.579,1632488999999,120807242.67400,27202,1354.876,55684806.84662,0
1632489000000,41074.48,41176.02,40982.67,41157.47,2269.454,1632489299999,93236640.04359,19043,1265.581,51998520.97025,0
1632489300000,41157.48,41236.39,41000.00,41093.10,2270.258,1632489599999,93342978.74653,21090,1125.259,46282191.66457,0
1632489600000,41093.04,41135.94,41000.00,41049.34,1279.925,1632489899999,52533834.51699,13959,650.716,26712730.09004,0
1632489900000,41049.34,41150.00,40872.93,41129.06,3902.124,1632490199999,159926545.64772,30066,2146.591,87989722.10650,0
1632490200000,41128.65,41533.00,41050.60,41517.51,7410.799,1632490499999,306498955.37718,55014,4376.746,181007259.59482,0
1632490500000,41517.51,41862.09,41425.71,41685.46,8515.550,1632490799999,354615832.80003,57919,4495.807,187254380.20697,0
1632490800000,41685.46,41970.00,41665.60,41685.53,7311.194,1632491099999,305699244.43700,49407,3971.379,166099584.30439,0
1632491100000,41685.53,41742.17,41470.00,41546.76,4234.833,1632491399999,176127084.83754,35132,2117.512,88070397.76164,0
1632491400000,41546.75,41950.00,41546.75,41927.15,4355.171,1632491699999,181789274.07152,32807,2563.151,106975398.07142,0
1632491700000,41925.83,41929.19,41764.07,41800.00,2532.352,1632491999999,105924037.47509,22602,1149.189,48067581.51098,0
1632492000000,41800.00,42229.78,41721.83,42084.07,9246.149,1632492299999,388870625.88158,65614,5527.214,232478157.07472,0
1632492300000,42084.07,42243.02,42065.00,42169.11,3846.552,1632492599999,162205959.48377,33537,1938.269,81741905.07452,0
1632492600000,42169.05,42192.78,42034.91,42139.00,3274.304,1632492899999,137870858.45693,26519,1591.437,67009763.08086,0
1632492900000,42138.99,42161.82,41927.59,42145.27,3312.952,1632493199999,139278494.22086,28516,1399.756,58863754.93052,0
1632493200000,42145.27,42179.26,42034.70,42167.91,1260.726,1632493499999,53089970.83640,14937,654.625,27569467.36528,0
1632493500000,42167.90,42608.00,42110.00,42450.00,7763.668,1632493799999,329020361.50794,51473,4581.928,194183801.02420,0
1632493800000,42450.00,42510.79,42280.45,42380.79,3454.096,1632494099999,146334935.06301,27038,1586.687,67217453.80397,0
1632494100000,42380.79,42640.64,42312.35,42537.42,4819.521,1632494399999,204953660.68507,32995,2830.277,120343498.78699,0
1632494400000,42541.12,42572.53,42452.65,42478.65,1809.818,1632494699999,76925251.66142,17537,868.741,36926981.24276,0
1632494700000,42478.03,42500.00,42322.03,42438.53,2658.242,1632494999999,112688562.55935,21777,970.691,41153147.90434,0
1632495000000,42438.53,42482.00,42321.71,42334.93,1545.884,1632495299999,65545541.77989,14515,670.133,28415936.99894,0
1632495300000,42334.24,42425.00,42280.00,42417.12,1856.340,1632495599999,78617059.71596,16164,1053.346,44618577.02858,0
1632495600000,42417.13,42450.00,42240.00,42282.01,2085.606,1632495899999,88266427.70257,17367,781.646,33094386.02294,0
1632495900000,42282.02,42291.76,42170.00,42251.90,2246.721,1632496199999,94889796.62249,20017,1057.983,44686461.48213,0
1632496200000,42251.91,42316.41,42181.41,42215.02,1358.171,1632496499999,57362777.94425,12497,548.512,23171228.91862,0
1632496500000,42216.46,42315.20,42093.00,42114.98,1541.424,1632496799999,65049538.34884,15100,675.411,28518910.75028,0
1632496800000,42113.95,42247.13,42103.04,42231.94,1039.651,1632497099999,43856728.55110,11236,639.732,26987339.34613,0
1632497100000,42231.94,42274.00,42156.74,42193.42,761.543,1632497399999,32147446.16477,8833,450.631,19023370.96732,0
1632497400000,42193.42,42213.77,41810.92,41886.45,5239.677,1632497699999,219868018.43384,36306,1844.188,77376408.37041,0
1632497700000,41883.13,42038.00,41740.53,41765.15,2469.586,1632497999999,103490413.68319,21655,1194.010,50066057.84796,0
1632498000000,41763.40,41876.75,41588.00,41855.75,4122.496,1632498299999,171963445.01764,35278,2112.171,88141362.31732,0
1632498300000,41855.76,41920.00,41735.59,41809.29,2176.536,1632498599999,91066430.50579,19655,1274.057,53318978.42960,0
1632498600000,41809.29,41884.96,41743.59,41753.37,885.411,1632498899999,37020606.20314,10548,447.545,18715086.80044,0
1632498900000,41753.36,41992.89,41663.12,41927.65,2150.496,1632499199999,90008621.30427,19520,1233.890,51656808.48955,0
1632499200000,41927.63,42131.75,41861.71,42112.27,3333.550,1632499499999,140119118.19320,26357,2063.067,86725071.97902,0
1632499500000,42112.27,42114.53,41834.00,41848.42,2018.593,1632499799999,84679170.76282,19248,772.338,32401435.61226,0
1632499800000,41848.43,41984.92,41829.06,41905.52,1140.555,1632500099999,47802656.80220,12274,590.819,24763601.53006,0
1632500100000,41905.53,42167.21,41845.68,42030.97,2236.683,1632500399999,94026957.56444,21679,1170.376,49212252.10035,0
1632500400000,42030.97,42186.89,42000.57,42183.57,1140.675,1632500699999,48018355.85014,12823,661.296,27842471.48407,0
1632500700000,42182.06,42247.13,42053.82,42135.50,1243.524,1632500999999,52423142.55049,14337,607.807,25632316.69922,0
1632501000000,42135.49,42288.79,42100.02,42202.00,1269.032,1632501299999,53549474.44973,12704,840.428,35468008.88348,0
1632501300000,42202.00,42244.09,42160.86,42227.97,1195.445,1632501599999,50448360.31283,9574,772.667,32608676.14584,0
1632501600000,42231.45,42231.47,42061.85,42065.05,963.268,1632501899999,40577185.77821,10527,300.092,12640888.83158,0
1632501900000,42065.06,42315.00,42060.56,42295.73,1202.870,1632502199999,50756381.75635,11498,727.883,30716689.21186,0
1632502200000,42295.73,42349.19,42123.62,42143.96,1620.057,1632502499999,68423462.06992,14259,884.732,37382275.86788,0
1632502500000,42143.96,42202.08,42123.00,42173.77,531.021,1632502799999,22392101.23101,7150,302.425,12752959.40057,0
1632502800000,42174.77,42174.78,42003.78,42007.87,1160.635,1632503099999,48820629.87144,13436,453.403,19073140.19311,0
1632503100000,42007.87,42033.00,41888.00,41949.65,1833.866,1632503399999,76932040.23177,18584,823.447,34545610.74935,0
1632503400000,41949.65,42027.00,41921.55,41975.14,632.316,1632503699999,26540052.65900,8270,258.242,10839232.97184,0
1632503700000,41975.80,42169.00,41958.01,42145.00,1326.228,1632503999999,55816538.20251,12280,888.476,37390884.49997,0
1632504000000,42144.99,42145.00,42017.38,42047.79,586.788,1632504299999,24692359.66037,7295,247.436,10412961.23376,0
1632504300000,42048.64,42142.01,42021.70,42136.82,441.375,1632504599999,18574809.97656,5723,262.170,11033003.99877,0
1632504600000,42136.81,42136.81,41722.80,41860.07,2706.800,1632504899999,113289770.18846,23751,950.761,39774510.45585,0
1632504900000,41860.06,41931.62,41730.08,41885.87,1608.123,1632505199999,67234712.35722,13742,1030.526,43084376.34438,0
1632505200000,41885.86,41974.85,41831.47,41882.01,965.364,1632505499999,40457125.20594,10561,466.687,19559451.75296,0
1632505500000,41882.01,42008.65,41808.35,41941.80,1111.353,1632505799999,46583189.66846,10578,727.596,30499579.68114,0
1632505800000,41940.31,41962.65,41860.00,41904.40,653.891,1632506099999,27412908.66517,6632,331.063,13879129.24243,0
1632506100000,41904.40,41981.22,41844.27,41977.67,704.241,1632506399999,29507239.60924,7424,291.376,12208512.18650,0
1632506400000,41980.57,42075.00,41909.41,42064.27,999.542,1632506699999,42003168.01775,10648,580.572,24397925.09109,0
1632506700000,42063.35,42151.65,42038.01,42112.93,920.075,1632506999999,38732196.17455,9462,603.099,25390223.79953,0
1632507000000,42112.93,42156.66,42010.00,42070.12,930.316,1632507299999,39137291.43646,7867,459.405,19328928.02693,0
1632507300000,42070.13,42123.33,42011.69,42110.65,477.543,1632507599999,20088238.54934,6064,231.527,9740012.36191,0
1632507600000,42110.65,42200.00,42089.10,42191.21,926.651,1632507899999,39072352.30879,9233,545.476,23000098.36473,0
1632507900000,42191.22,42261.20,42150.00,42190.24,949.260,1632508199999,40069968.37264,10051,517.325,21838298.35382,0
1632508200000,42190.33,42191.97,42100.00,42117.67,741.292,1632508499999,31233288.30851,7255,361.123,15215411.16911,0
1632508500000,42117.59,42140.56,42053.98,42080.01,580.551,1632508799999,24437318.94954,6159,219.776,9251982.96821,0
1632508800000,42080.00,42200.00,41990.00,42175.23,1054.139,1632509099999,44356776.10993,9444,560.864,23610910.37238,0
1632509100000,42175.23,42278.00,42082.12,42164.99,1181.881,1632509399999,49858012.19403,11630,591.601,24959452.74370,0
1632509400000,42164.99,42298.82,42109.03,42224.49,915.911,1632509699999,38674758.61241,9135,449.755,18989468.13255,0
1632509700000,42224.57,42249.78,42125.97,42128.69,565.858,1632509999999,23866649.25685,7257,261.654,11035911.16630,0
1632510000000,42128.69,42265.70,42111.38,42239.52,632.366,1632510299999,26683725.89407,6968,358.226,15114533.59323,0
1632510300000,42239.53,42283.18,42196.57,42276.04,584.284,1632510599999,24684707.18665,6274,308.839,13049693.89386,0
1632510600000,42276.04,42300.00,42160.93,42300.00,570.314,1632510899999,24083785.49165,6918,277.996,11740934.85966,0
1632510900000,42300.00,42345.60,42204.05,42204.05,852.746,1632511199999,36047268.22125,9088,400.960,16952638.34041,0
1632511200000,42204.04,42254.98,42171.21,42250.35,463.039,1632511499999,19542520.74921,5402,222.771,9402672.13449,0
1632511500000,42250.35,42330.31,42223.22,42315.26,466.163,1632511799999,19712569.40030,5703,243.002,10275894.19825,0
1632511800000,42315.26,42488.00,42314.82,42487.99,2024.789,1632512099999,85866634.02376,17084,1258.965,53392699.41642,0
1632512100000,42487.99,42500.00,42301.90,42340.37,1125.059,1632512399999,47683565.52362,11042,428.009,18143859.15454,0
1632512400000,42340.38,42400.00,42260.33,42274.91,695.913,1632512699999,29453293.85118,7844,277.294,11739330.16589,0
1632512700000,42274.91,42325.75,42202.29,42219.99,682.762,1632512999999,28857279.74224,7597,306.472,12954124.99855,0
1632513000000,42220.81,42304.82,42177.00,42217.71,934.011,1632513299999,39454653.79600,7932,397.020,16774983.01140,0
1632513300000,42217.71,42366.13,42182.58,42337.69,854.763,1632513599999,36143843.23428,7230,510.729,21597663.70781,0
1632513600000,42337.68,42380.00,42271.87,42317.65,509.665,1632513899999,21574307.03019,6675,231.798,9812526.17007,0
1632513900000,42317.66,42465.34,42310.00,42447.90,871.270,1632514199999,36954591.21486,8526,536.242,22744870.48141,0
1632514200000,42447.91,42497.33,42405.06,42435.98,649.845,1632514499999,27590660.03899,7941,343.265,14576032.06479,0
1632514500000,42434.47,42498.00,42406.00,42433.36,616.062,1632514799999,26154382.85239,7290,287.203,12194163.80140,0
1632514800000,42433.36,42492.13,42403.13,42480.39,415.685,1632515099999,17643449.37301,5173,259.664,11021944.84655,0
1632515100000,42480.38,42497.99,42446.28,42493.43,372.104,1632515399999,15804881.40490,5304,190.517,8092578.41012,0
1632515400000,42493.42,42642.39,42451.63,42501.83,1573.726,1632515699999,66965050.84960,15438,1005.575,42797581.74131,0
1632515700000,42501.83,42860.65,42501.83,42820.65,3849.095,1632515999999,164572799.96463,30620,2508.461,107258603.20426,0
1632516000000,42820.65,42957.31,42727.00,42928.91,2975.977,1632516299999,127579277.44752,23229,1807.955,77524924.10288,0
1632516300000,42928.90,42972.00,42806.59,42840.87,1444.265,1632516599999,61918922.35784,13631,591.607,25365549.37229,0
1632516600000,42840.88,42892.15,42791.02,42857.12,970.228,1632516899999,41563685.19762,9298,504.831,21630533.97527,0
1632516900000,42857.12,42970.00,42855.10,42918.11,1017.869,1632517199999,43693518.35604,10732,591.278,25379949.61731,0
1632517200000,42918.11,43054.83,42900.00,42978.55,1825.038,1632517499999,78418879.19862,16757,1086.817,46709377.76114,0
1632517500000,42978.55,43140.28,42959.71,43016.55,2422.441,1632517799999,104285758.00084,22300,1356.365,58401000.38146,0
1632517800000,43015.08,43037.26,42908.04,42914.99,864.966,1632518099999,37156210.49529,8760,295.471,12695169.16115,0
1632518100000,42915.19,42967.62,42887.02,42928.52,778.494,1632518399999,33414337.88340,7988,384.098,16486633.18438,0
1632518400000,42928.51,43033.55,42925.62,42962.15,682.263,1632518699999,29325196.04029,7592,371.307,15960093.26324,0
1632518700000,42962.15,43049.38,42938.36,42960.15,744.022,1632518999999,31992809.77775,7275,310.077,13334021.44079,0
1632519000000,42960.16,42997.83,42955.42,42978.17,323.730,1632519299999,13912812.77827,4717,167.919,7217276.67150,0
1632519300000,42978.17,43196.82,42975.72,43078.92,1391.470,1632519599999,59983080.69312,12420,1019.631,43954958.04151,0
1632519600000,43078.76,43099.49,42890.00,42919.41,1164.131,1632519899999,50031967.35539,11411,373.868,16065244.17737,0
1632519900000,42919.42,43044.00,42914.43,43033.26,652.477,1632520199999,28052210.21002,6815,405.904,17451485.30774,0
1632520200000,43033.25,43038.58,42930.89,42950.00,655.781,1632520499999,28182420.97610,5729,308.115,13241100.62907,0
1632520500000,42950.01,42950.01,42815.32,42896.89,949.871,1632520799999,40734838.07125,9272,354.607,15207107.75137,0
1632520800000,42896.90,42930.00,42825.28,42860.40,598.268,1632521099999,25652228.45110,7592,295.788,12683912.91529,0
1632521100000,42860.40,42867.25,42770.76,42805.00,995.741,1632521399999,42622748.37656,10457,379.707,16253797.29037,0
1632521400000,42805.00,42909.10,42804.99,42878.01,526.794,1632521699999,22573563.00774,6893,373.541,16007329.76234,0
1632521700000,42878.00,42968.08,42874.12,42940.35,509.721,1632521999999,21883279.61640,7357,316.632,13593517.18672,0
1632522000000,42943.34,42965.39,42868.84,42887.35,371.253,1632522299999,15936813.47593,5874,135.812,5830271.31612,0
1632522300000,42887.35,42887.35,42777.86,42794.50,661.332,1632522599999,28322750.01210,7271,208.091,8912807.92473,0
1632522600000,42794.50,42841.39,42736.88,42817.35,799.653,1632522899999,34214547.03387,8214,416.284,17813388.51984,0
1632522900000,42817.34,42841.38,42746.00,42776.30,337.882,1632523199999,14458544.23671,5270,169.748,7263489.95190,0
1632523200000,42777.73,42839.39,42760.00,42835.00,368.364,1632523499999,15764606.96233,4780,190.994,8174546.07119,0
1632523500000,42834.99,42950.00,42808.00,42939.98,1053.224,1632523799999,45182599.83057,8513,757.351,32489040.01234,0
1632523800000,42939.98,43050.00,42900.00,43027.61,1278.298,1632524099999,54945700.30659,10277,626.297,26931147.91662,0
1632524100000,43027.60,43080.00,42972.69,42985.93,1154.388,1632524399999,49670121.12327,9036,519.285,22347551.63965,0
1632524400000,42985.93,43020.26,42852.56,42861.46,799.343,1632524699999,34316963.50388,8577,271.257,11645547.60226,0
1632524700000,42861.47,42909.83,42822.00,42838.12,402.903,1632524999999,17273660.96863,5219,230.590,9887208.63131,0
1632525000000,42838.12,42905.32,42826.92,42885.05,491.887,1632525299999,21083961.14446,5461,291.133,12480341.50870,0
1632525300000,42885.05,42940.68,42837.43,42933.00,334.528,1632525599999,14349353.03560,5112,177.890,7630966.69381,0
1632525600000,42933.00,42955.99,42913.46,42933.77,314.943,1632525899999,13522637.47142,4228,170.098,7303691.73857,0
1632525900000,42933.76,42933.77,42847.53,42867.37,332.467,1632526199999,14255562.35457,4377,147.610,6328966.26728,0
1632526200000,42867.36,42869.64,42622.00,42647.81,1319.326,1632526499999,56359778.27508,13052,427.961,18282924.20841,0
1632526500000,42647.80,42725.92,42606.19,42662.27,1168.105,1632526799999,49827238.20834,11812,664.507,28350204.30530,0
1632526800000,42662.27,42735.00,42565.05,42584.57,1202.138,1632527099999,51280666.65447,9810,395.576,16885650.16698,0
1632527100000,42584.57,42740.00,42500.00,42670.59,2143.299,1632527399999,91263643.24374,16348,963.503,41046995.07685,0
1632527400000,42670.60,42787.00,42662.00,42701.16,705.872,1632527699999,30163888.96349,7249,450.462,19251944.75965,0
1632527700000,42701.16,42837.07,42676.45,42798.49,661.011,1632527999999,28273977.56442,6796,388.200,16606525.06380,0
1632528000000,42798.49,42854.99,42653.60,42653.60,1468.438,1632528299999,62810175.72212,10981,468.571,20051949.51405,0
1632528300000,42655.02,42790.52,42570.73,42741.06,1232.294,1632528599999,52590497.38702,12031,646.030,27578097.27273,0
1632528600000,42741.07,42741.07,42600.81,42703.34,698.264,1632528899999,29794461.51862,7515,324.544,13847901.34626,0
1632528900000,42700.01,42796.00,42696.85,42767.65,567.867,1632529199999,24278488.28941,7003,291.129,12446467.59499,0
1632529200000,42769.30,42883.22,42763.53,42865.38,706.143,1632529499999,30244879.80107,7749,441.416,18906130.16423,0
1632529500000,42865.39,42938.00,42657.97,42668.65,1501.182,1632529799999,64296479.46267,11924,703.136,30130642.81348,0
1632529800000,42670.55,42810.00,42633.72,42665.14,982.766,1632530099999,41973565.97149,9812,546.803,23358474.75597,0
1632530100000,42665.13,42709.27,42554.07,42600.01,941.570,1632530399999,40129469.25107,10229,400.187,17054173.77183,0
1632530400000,42600.00,42708.22,42596.12,42609.00,731.437,1632530699999,31203534.70764,7010,263.745,11253974.64859,0
1632530700000,42607.00,42688.26,42529.09,42551.90,813.105,1632530999999,34641936.41741,8635,421.681,17966216.56660,0
1632531000000,42551.89,42698.77,42550.81,42676.12,568.479,1632531299999,24237906.04175,6206,357.463,15241101.96182,0
1632531300000,42674.35,42746.26,42641.64,42711.11,789.901,1632531599999,33734360.06197,7180,376.385,16074505.53913,0
1632531600000,42710.96,42766.42,42650.76,42654.82,720.835,1632531899999,30784540.41536,6417,305.047,13030661.52494,0
1632531900000,42654.80,42666.77,42510.38,42520.41,1143.430,1632532199999,48674429.99722,9348,696.478,29649195.26155,0
1632532200000,42520.41,42520.42,42340.94,42423.01,2188.674,1632532499999,92861084.25429,19338,907.882,38522500.25687,0
1632532500000,42423.01,42493.14,42395.06,42395.06,924.747,1632532799999,39245845.27928,8524,390.321,16567254.81442,0
1632532800000,42395.06,42412.00,42210.67,42213.30,1843.674,1632533099999,77971456.73586,18614,782.855,33107813.58536,0
1632533100000,42213.30,42275.72,42087.21,42130.61,1779.038,1632533399999,75027450.04570,18647,750.918,31676940.72469,0
1632533400000,42130.60,42252.00,42010.76,42238.20,1849.367,1632533699999,77929631.78350,18703,1098.028,46283056.51451,0
1632533700000,42238.21,42262.79,42125.00,42199.98,1440.685,1632533999999,60810737.05839,10149,496.546,20962031.69794,0
1632534000000,42199.98,42255.00,42170.07,42180.80,583.270,1632534299999,24624810.87006,7127,319.965,13509174.40543,0
1632534300000,42180.80,42372.30,42130.82,42366.05,1245.065,1632534599999,52650257.37012,11683,768.358,32493116.35373,0
1632534600000,42366.05,42437.60,42294.40,42409.31,1112.642,1632534899999,47138874.97559,9724,715.123,30301155.69950,0
1632534900000,42409.31,42441.12,42356.12,42379.81,723.353,1632535199999,30673434.38308,8164,359.132,15228832.67559,0
1632535200000,42375.84,42512.01,42375.84,42510.00,873.272,1632535499999,37079531.25628,8922,562.450,23881645.66535,0
1632535500000,42507.90,42525.00,42322.79,42367.38,921.006,1632535799999,39060357.18909,9618,349.755,14838126.67264,0
1632535800000,42367.37,42466.00,42360.13,42394.99,495.857,1632536099999,21029552.03819,5953,255.678,10843250.84192,0
1632536100000,42395.00,42534.32,42394.99,42513.40,672.778,1632536399999,28590166.66540,7503,408.809,17371650.01683,0
1632536400000,42513.39,42514.01,42457.99,42458.37,415.035,1632536699999,17631694.61522,5002,160.356,6812550.30379,0
1632536700000,42458.36,42548.95,42441.64,42492.42,490.693,1632536999999,20859999.59221,5432,287.152,12209198.53682,0
1632537000000,42492.42,42638.71,42489.12,42634.66,1011.004,1632537299999,43066401.37209,9751,660.883,28151835.28749,0
1632537300000,42634.68,42720.00,42580.32,42599.89,1260.736,1632537599999,53781008.73153,11160,791.369,33765719.68820,0
1632537600000,42599.89,42599.89,42525.76,42583.39,452.268,1632537899999,19247957.61537,5778,191.039,8130177.50519,0
1632537900000,42583.40,42586.81,42415.00,42419.99,1184.724,1632538199999,50314257.13397,9154,301.609,12807603.55937,0
1632538200000,42419.99,42466.60,42300.00,42326.71,1044.737,1632538499999,44270732.72734,10351,439.045,18611281.05405,0
1632538500000,42326.71,42400.00,42258.38,42326.25,849.444,1632538799999,35963085.93789,9462,427.160,18088017.41078,0
1632538800000,42326.24,42450.00,42321.55,42449.98,731.957,1632539099999,31028581.04868,8046,480.880,20386303.24178,0
1632539100000,42449.98,42494.13,42369.80,42372.54,545.669,1632539399999,23156849.99814,6651,280.844,11919356.81122,0
1632539400000,42372.54,42433.81,42316.55,42357.90,506.513,1632539699999,21458585.17543,6013,238.274,10096071.09873,0
1632539700000,42357.89,42491.13,42357.00,42444.99,467.851,1632539999999,19852521.66081,5180,283.671,12036298.64245,0
1632540000000,42444.99,42666.63,42444.99,42562.72,1373.460,1632540299999,58491342.45200,12386,807.776,34394889.30483,0
1632540300000,42562.71,42605.35,42462.70,42540.72,773.932,1632540599999,32916158.37831,7174,333.852,14201800.84132,0
1632540600000,42539.30,42687.19,42539.30,42680.57,742.787,1632540899999,31654731.45617,7488,483.208,20595092.06371,0
1632540900000,42680.58,42751.61,42588.16,42627.43,1016.259,1632541199999,43371634.84344,11078,516.117,22031661.35726,0
1632541200000,42627.43,42748.72,42625.40,42677.37,572.545,1632541499999,24444391.07991,7074,281.230,12006911.74158,0
1632541500000,42675.01,42720.00,42586.76,42624.69,614.123,1632541799999,26179530.89995,6980,261.278,11139477.80159,0
1632541800000,42624.70,42691.54,42567.91,42663.06,537.534,1632542099999,22914928.16641,6255,278.488,11873137.93270,0
1632542100000,42665.28,42686.87,42585.34,42588.72,253.938,1632542399999,10827681.74811,4039,106.445,4538995.59701,0
1632542400000,42588.73,42849.34,42588.72,42761.31,1417.319,1632542699999,60604182.48108,14482,899.330,38451722.25661,0
1632542700000,42759.62,42821.87,42710.60,42728.72,686.257,1632542999999,29338507.71774,8220,316.589,13535814.49815,0
1632543000000,42728.73,42747.35,42663.81,42663.81,544.270,1632543299999,23243154.17599,5910,235.058,10039283.29862,0
1632543300000,42663.82,42764.93,42661.99,42721.05,376.968,1632543599999,16105807.83396,5157,202.993,8672427.46768,0
1632543600000,42721.06,42821.86,42714.27,42780.01,557.837,1632543899999,23869535.26413,6886,269.229,11520159.81329,0
1632543900000,42780.00,42817.68,42743.02,42808.86,424.732,1632544199999,18169780.90814,4967,255.783,10942311.70447,0
1632544200000,42808.85,42825.00,42715.00,42782.72,424.214,1632544499999,18140447.68283,5513,200.735,8584578.21122,0
1632544500000,42782.54,42828.87,42733.69,42800.93,436.348,1632544799999,18669461.66978,5039,236.658,10127462.43102,0
1632544800000,42800.92,42817.00,42750.00,42750.00,285.454,1632545099999,12213686.68345,3874,104.890,4488198.87780,0
1632545100000,42751.34,42770.00,42668.81,42724.97,594.060,1632545399999,25370031.18392,6516,247.711,10578742.70648,0
1632545400000,42720.88,42727.91,42629.03,42648.34,551.304,1632545699999,23526533.95104,5848,181.721,7756021.03066,0
1632545700000,42648.33,42729.26,42648.33,42667.40,307.422,1632545999999,13124432.87062,4785,175.689,7500549.86751,0
1632546000000,42667.41,42800.00,42654.01,42776.88,792.050,1632546299999,33858353.32466,7152,486.449,20799610.60245,0
1632546300000,42776.88,42825.46,42699.97,42699.97,519.697,1632546599999,22232062.07083,5414,256.558,10976955.94893,0
1632546600000,42699.98,42699.98,42400.00,42411.04,2211.316,1632546899999,94020223.21699,19016,755.638,32125769.29297,0
1632546900000,42411.32,42532.64,42404.59,42513.33,1067.023,1632547199999,45311764.73616,11232,595.224,25278449.59307,0
1632547200000,42513.34,42519.39,42443.54,42447.77,644.607,1632547499999,27378760.35830,6653,233.963,9938566.23793,0
1632547500000,42447.77,42472.00,42374.57,42436.00,695.578,1632547799999,29508922.22654,7814,336.023,14257311.76417,0
1632547800000,42436.00,42633.88,42436.00,42606.61,1101.904,1632548099999,46888558.82729,10112,740.263,31497067.71555,0
1632548100000,42606.63,42730.47,42565.95,42669.12,1221.952,1632548399999,52136791.19573,9434,736.884,31443552.00364,0
1632548400000,42669.12,42690.93,42539.49,42540.55,799.025,1632548699999,34033653.66634,7553,194.149,8269827.42029,0
1632548700000,42540.56,42636.34,42539.49,42635.99,424.441,1632548999999,18080895.98272,5784,248.682,10592566.61291,0
1632549000000,42635.98,42655.11,42524.67,42527.92,436.583,1632549299999,18595402.88011,4921,154.937,6600745.05857,0
1632549300000,42527.79,42531.00,42419.43,42428.32,1143.877,1632549599999,48570069.88411,9891,476.961,20251147.97299,0
1632549600000,42428.31,42524.36,42410.31,42454.60,560.443,1632549899999,23800267.28454,6642,318.993,13548064.00205,0
1632549900000,42454.60,42529.18,42453.42,42461.20,619.512,1632550199999,26323937.94981,5578,333.773,14182457.21468,0
1632550200000,42461.20,42524.80,42446.66,42453.65,381.143,1632550499999,16193485.68660,4740,182.540,7755973.06015,0
1632550500000,42455.04,42677.29,42455.03,42638.00,938.122,1632550799999,39966644.74995,8389,573.852,24445419.19759,0
1632550800000,42638.00,42669.98,42549.81,42561.57,500.423,1632551099999,21328636.26996,5391,142.385,6070194.23878,0
1632551100000,42561.57,42644.46,42557.44,42621.59,311.814,1632551399999,13284924.49408,3871,218.691,9317375.61962,0
1632551400000,42621.60,42798.12,42621.56,42673.10,1372.608,1632551699999,58648337.90348,10872,870.247,37185954.60991,0
1632551700000,42673.09,42746.91,42656.63,42709.26,458.629,1632551999999,19579691.58605,4834,256.365,10944905.67004,0
1632552000000,42711.96,42774.12,42660.00,42773.28,662.835,1632552299999,28321960.16443,5734,448.609,19169318.59224,0
1632552300000,42770.77,42800.00,42681.17,42696.15,857.631,1632552599999,36659481.78339,7466,355.665,15205851.71808,0
1632552600000,42696.14,42745.65,42680.32,42724.47,436.390,1632552899999,18634893.45378,5086,229.588,9804144.27147,0
1632552900000,42724.48,42731.87,42673.70,42724.92,404.298,1632553199999,17265244.12307,4261,210.870,9005438.10289,0
1632553200000,42724.92,42769.00,42640.00,42663.86,636.719,1632553499999,27181009.49505,6363,229.783,9813506.88909,0
1632553500000,42663.86,42691.68,42600.00,42609.44,439.506,1632553799999,18739525.76565,5337,160.987,6865407.10378,0
1632553800000,42609.45,42668.51,42599.99,42641.25,431.445,1632554099999,18392746.07976,4910,258.624,11026359.06371,0
1632554100000,42641.25,42644.20,42560.00,42604.50,529.933,1632554399999,22572757.60092,6098,274.331,11685204.30649,0
1632554400000,42604.51,42631.52,42520.24,42536.19,630.639,1632554699999,26839576.46279,7002,286.243,12181228.42796,0
1632554700000,42536.18,42539.75,42311.00,42332.70,2664.885,1632554999999,113053139.77378,18847,992.367,42096912.37355,0
1632555000000,42332.71,42338.41,42172.00,42285.42,2565.575,1632555299999,108395848.01882,21831,1248.328,52746519.65749,0
1632555300000,42285.42,42410.11,42283.12,42321.98,1421.194,1632555599999,60200766.53514,12710,860.196,36438674.42772,0
1632555600000,42321.97,42442.80,42304.70,42398.88,827.844,1632555899999,35091343.26979,9717,455.554,19313050.77137,0
1632555900000,42398.66,42414.00,42350.17,42411.99,546.172,1632556199999,23145372.85096,7211,275.605,11680430.82801,0
1632556200000,42411.99,42515.94,42400.00,42425.63,1235.255,1632556499999,52457570.43149,11225,710.561,30175422.06874,0
1632556500000,42425.63,42435.15,42314.74,42357.97,1108.558,1632556799999,46987106.56761,8978,360.452,15276282.65700,0
1632556800000,42350.10,42509.98,42257.62,42364.63,1586.228,1632557099999,67190906.91931,14043,792.793,33592343.07224,0
1632557100000,42361.81,42380.00,42200.00,42206.04,1815.505,1632557399999,76704485.83985,14805,682.150,28822576.11428,0
1632557400000,42206.04,42325.90,42200.00,42242.00,945.371,1632557699999,39943175.84697,10309,517.229,21856290.40355,0
1632557700000,42242.01,42328.34,42020.00,42086.66,2545.370,1632557999999,107257068.59726,21582,993.877,41883437.51804,0
1632558000000,42088.24,42167.99,42023.11,42105.37,2237.001,1632558299999,94192624.96746,17199,1370.804,57726883.37255,0
1632558300000,42105.36,42175.00,42060.00,42112.51,826.290,1632558599999,34801394.91150,9832,367.377,15475010.89762,0
1632558600000,42112.50,42114.22,41630.26,41680.06,5684.507,1632558899999,237760158.97395,47778,2146.640,89767056.61010,0
1632558900000,41680.06,41829.72,41650.50,41746.50,2493.844,1632559199999,104112750.35906,24534,1363.419,56923660.57010,0
1632559200000,41746.89,41866.30,41711.00,41820.68,1640.546,1632559499999,68576488.01840,16248,886.907,37075646.05993,0
1632559500000,41820.69,42024.12,41730.00,41900.64,2621.719,1632559799999,109859671.52196,23431,1577.443,66104920.79628,0
1632559800000,41900.64,42348.78,41879.24,42336.60,4240.343,1632560099999,178794183.80737,36189,2452.351,103415216.36930,0
1632560100000,42338.35,42765.99,42221.63,42625.40,7000.933,1632560399999,297848485.98185,55192,3793.133,161352219.48017,0
1632560400000,42625.39,42715.47,42485.50,42535.91,2946.271,1632560699999,125432736.22051,28556,1267.321,53956969.76198,0
1632560700000,42534.24,42750.00,42534.23,42541.32,3354.858,1632560999999,143018985.65884,25038,1485.275,63335741.57941,0
1632561000000,42542.45,42590.93,42437.50,42499.93,1700.533,1632561299999,72273281.65266,15977,818.164,34776747.43484,0
1632561300000,42499.94,42600.00,42435.55,42519.26,1385.519,1632561599999,58908527.96561,12507,882.418,37524393.30332,0
1632561600000,42519.99,42666.00,42514.53,42599.33,1622.637,1632561899999,69148092.58109,13107,1044.153,44495394.48539,0
1632561900000,42601.98,42804.72,42535.73,42715.34,2258.324,1632562199999,96454204.77864,18553,1386.340,59221071.39760,0
1632562200000,42715.34,42892.10,42651.88,42822.37,2394.867,1632562499999,102517134.90615,21320,1348.673,57734602.58359,0
1632562500000,42822.37,42885.01,42768.00,42783.73,1705.982,1632562799999,73055686.23572,12344,924.324,39589130.23198,0
1632562800000,42783.73,42796.96,42700.00,42708.07,1069.655,1632563099999,45730532.68843,10224,459.918,19664798.82504,0
1632563100000,42708.40,42740.00,42590.76,42618.02,1393.521,1632563399999,59466846.78255,12063,500.172,21350355.21953,0
1632563400000,42618.03,42669.00,42541.80,42552.55,741.270,1632563699999,31588375.18123,8703,321.906,13721044.25552,0
1632563700000,42552.54,42676.62,42549.96,42632.44,834.964,1632563999999,35590727.73192,7188,552.941,23568071.71235,0
1632564000000,42632.45,42731.84,42626.01,42678.73,694.411,1632564299999,29638062.03552,7380,412.992,17626602.95975,0
1632564300000,42678.72,42874.40,42677.51,42827.99,1523.765,1632564599999,65229058.92026,13443,1014.047,43410202.41502,0
1632564600000,42827.99,42950.00,42796.71,42912.58,2523.992,1632564899999,108294004.62436,18473,1244.513,53398821.37587,0
1632564900000,42912.58,42918.00,42805.00,42851.25,1916.459,1632565199999,82154263.92043,13075,679.433,29113189.39455,0
1632565200000,42851.48,42878.59,42769.71,42846.43,774.128,1632565499999,33146512.86132,7937,411.820,17636067.91395,0
1632565500000,42846.68,42863.58,42800.00,42846.76,401.333,1632565799999,17187706.24755,5203,193.874,8303849.46007,0
1632565800000,42846.75,42882.94,42705.00,42746.20,886.965,1632566099999,37937857.02698,9221,359.827,15392988.57619,0
1632566100000,42743.95,42756.02,42659.00,42683.47,669.232,1632566399999,28577390.99322,7881,298.793,12759957.44290,0
1632566400000,42683.48,42724.94,42647.18,42712.32,899.970,1632566699999,38408009.15470,7685,497.995,21256327.70075,0
1632566700000,42712.33,42725.68,42602.49,42685.78,648.254,1632566999999,27651090.92314,7388,284.425,12135382.86648,0
1632567000000,42685.79,42697.07,42611.30,42670.50,502.145,1632567299999,21419707.09049,6058,289.472,12349327.48003,0
1632567300000,42670.50,42699.99,42577.90,42665.99,562.926,1632567599999,23995587.43598,7876,239.060,10192153.67658,0
1632567600000,42665.99,42665.99,42449.33,42455.82,1750.437,1632567899999,74422848.11341,15735,614.508,26129593.56726,0
1632567900000,42455.83,42532.78,42215.67,42333.18,3176.044,1632568199999,134502052.65292,26745,1515.922,64204354.40534,0
1632568200000,42333.17,42450.22,42213.51,42410.15,1679.307,1632568499999,71120966.16983,15784,1007.428,42678433.51211,0
1632568500000,42410.15,42469.16,42335.94,42394.75,992.539,1632568799999,42094553.62051,10783,476.098,20194395.39402,0
1632568800000,42394.75,42416.30,42288.37,42319.28,828.913,1632569099999,35093323.28533,9049,338.685,14338934.62954,0
1632569100000,42319.29,42400.00,42250.05,42350.50,949.522,1632569399999,40183056.89391,9642,492.930,20863724.62132,0
1632569400000,42350.49,42466.07,42350.00,42399.83,1241.337,1632569699999,52664884.79199,10614,802.321,34040075.89281,0
1632569700000,42399.84,42456.04,42300.57,42327.50,1418.527,1632569999999,60076045.02277,9282,913.910,38703143.61772,0
1632570000000,42327.01,42387.96,42300.59,42317.82,419.143,1632570299999,17743176.57366,6171,212.862,9011708.68183,0
1632570300000,42317.82,42429.27,42310.92,42372.03,642.460,1632570599999,27236266.00614,7068,380.539,16132893.00009,0
1632570600000,42372.02,42447.96,42340.16,42390.74,464.122,1632570899999,19680159.85495,5509,240.011,10178351.92151,0
1632570900000,42390.74,42540.54,42367.11,42472.89,1249.105,1632571199999,53047155.17591,10132,867.122,36828584.57033,0
1632571200000,42472.89,42611.77,42409.49,42424.41,1460.761,1632571499999,62092523.73833,14731,695.330,29566699.56443,0
1632571500000,42428.35,42617.34,42404.00,42523.58,1030.230,1632571799999,43780796.93066,11264,569.940,24220973.07777,0
1632571800000,42523.59,42564.00,42442.93,42452.11,1059.875,1632572099999,45050388.46743,8616,341.651,14524770.93046,0
1632572100000,42452.06,42460.15,42291.12,42370.98,1508.127,1632572399999,63877543.39430,14323,577.890,24472830.74399,0
1632572400000,42370.98,42400.00,42276.00,42396.47,807.465,1632572699999,34191120.31496,8367,425.023,17997615.00070,0
1632572700000,42396.47,42541.42,42322.99,42475.72,982.799,1632572999999,41722534.40358,9737,629.905,26738259.95066,0
1632573000000,42475.72,42527.47,42400.11,42516.79,600.556,1632573299999,25498865.33429,7022,299.778,12728928.15079,0
1632573300000,42516.80,42516.80,42325.89,42411.43,767.597,1632573599999,32537733.57840,7729,312.588,13248427.60030,0
1632573600000,42411.43,42468.43,42324.14,42423.02,751.420,1632573899999,31842381.09160,7174,479.937,20338283.13855,0
1632573900000,42423.02,42440.00,42311.00,42420.86,747.654,1632574199999,31675309.36610,6526,317.627,13459333.04193,0
1632574200000,42423.21,42423.21,42305.08,42345.83,575.106,1632574499999,24351331.96504,6517,259.996,11007835.95055,0
1632574500000,42345.83,42375.64,42296.34,42330.14,465.164,1632574799999,19695952.79830,6081,253.123,10718252.19813,0
1632574800000,42330.00,42404.43,42223.00,42392.54,1311.310,1632575099999,55472272.26619,13359,676.444,28622178.59425,0
1632575100000,42392.46,42638.47,42383.22,42615.46,2154.919,1632575399999,91588914.60435,18651,1343.474,57106484.91420,0
1632575400000,42612.05,42743.44,42518.94,42664.84,1945.776,1632575699999,82921879.98806,17528,1014.006,43225373.63443,0
1632575700000,42664.84,42715.00,42576.57,42611.60,1375.839,1632575999999,58669568.98946,11734,526.063,22434500.65851,0
1632576000000,42611.60,42698.00,42553.39,42688.84,868.343,1632576299999,37013129.55067,8681,487.559,20785854.38378,0
1632576300000,42687.41,42692.20,42536.27,42538.42,1235.658,1632576599999,52666392.65506,8122,366.738,15632614.29840,0
1632576600000,42538.42,42585.23,42421.69,42487.35,1267.500,1632576899999,53841828.06790,12217,521.437,22148328.38848,0
1632576900000,42487.34,42650.00,42466.66,42587.05,936.647,1632577199999,39867527.41543,8839,497.486,21176709.08852,0
1632577200000,42587.06,42613.33,42516.25,42555.78,619.997,1632577499999,26384320.53452,6073,258.277,10991485.22925,0
1632577500000,42555.79,42632.93,42550.00,42608.46,467.602,1632577799999,19915678.85438,5729,227.196,9676823.07136,0
1632577800000,42608.47,42634.32,42550.00,42560.00,373.413,1632578099999,15902585.21263,4951,157.154,6693255.10154,0
1632578100000,42559.99,42576.18,42450.08,42485.00,661.227,1632578399999,28103382.84671,7354,339.114,14413007.15556,0
1632578400000,42485.01,42494.39,42400.04,42469.02,789.962,1632578699999,33521089.09863,9222,396.386,16821278.83947,0
1632578700000,42469.01,42591.13,42446.59,42511.32,916.661,1632578999999,38986698.58083,9209,508.717,21636175.79589,0
1632579000000,42511.32,42570.04,42474.04,42541.56,389.450,1632579299999,16561844.34470,5609,182.798,7773438.14627,0
1632579300000,42541.57,42550.00,42225.00,42250.65,1841.924,1632579599999,78013255.62552,16539,726.061,30758543.76436,0
1632579600000,42253.00,42332.81,42145.18,42240.00,3626.071,1632579899999,153090635.38370,28252,1759.814,74309717.38143,0
1632579900000,42240.00,42407.40,42216.11,42302.70,1867.675,1632580199999,79021752.56246,15509,1105.436,46771084.37764,0
1632580200000,42302.71,42374.34,42250.93,42314.58,1049.608,1632580499999,44393845.79133,9458,556.199,23526562.83220,0
1632580500000,42314.35,42398.99,42275.50,42346.09,1081.571,1632580799999,45795673.63921,8672,630.669,26708084.23101,0
1632580800000,42346.09,42351.32,42220.00,42236.27,1009.846,1632581099999,42679146.19494,8928,311.466,13163962.29897,0
1632581100000,42236.28,42330.80,42201.00,42288.68,1030.336,1632581399999,43545585.61556,9410,585.674,24755809.68871,0
1632581400000,42288.68,42415.60,42282.38,42348.00,1338.960,1632581699999,56721894.17717,10415,857.486,36330735.96256,0
1632581700000,42348.00,42379.58,42253.13,42334.54,590.242,1632581999999,24981134.94880,7215,283.700,12008371.27744,0
1632582000000,42334.55,42334.55,42214.63,42327.49,1061.733,1632582299999,44879801.31050,10960,491.023,20756977.21779,0
1632582300000,42327.48,42380.00,42274.35,42352.94,753.550,1632582599999,31902806.83425,7637,328.157,13892896.28924,0
1632582600000,42352.94,42360.79,42232.00,42308.59,644.930,1632582899999,27280379.45992,7009,273.835,11583683.96253,0
1632582900000,42308.67,42480.00,42308.67,42416.35,1386.282,1632583199999,58788349.69462,11673,849.364,36017911.93221,0
1632583200000,42416.36,42640.00,42393.73,42638.46,1755.755,1632583499999,74665910.92304,17049,1074.594,45703426.65170,0
1632583500000,42638.47,42650.00,42563.00,42643.61,1562.606,1632583799999,66584115.01277,15187,712.245,30352772.15321,0
1632583800000,42642.57,42666.00,42551.00,42655.55,1775.710,1632584099999,75656844.05779,13881,840.090,35798510.13919,0
1632584100000,42655.55,42669.99,42596.65,42605.33,643.065,1632584399999,27418660.64564,7255,255.622,10899927.27757,0
1632584400000,42605.33,42728.00,42602.82,42710.99,1049.866,1632584699999,44801608.96731,10210,713.357,30443559.71505,0
1632584700000,42710.99,42749.69,42637.04,42671.02,895.013,1632584999999,38202814.96342,9290,418.909,17881199.60456,0
1632585000000,42672.42,42691.00,42605.48,42611.21,767.053,1632585299999,32704759.93500,6952,295.725,12609628.23403,0
1632585300000,42611.21,42695.00,42601.44,42644.01,430.484,1632585599999,18358150.89892,5133,251.155,10711295.12637,0
1632585600000,42644.01,42722.07,42472.00,42506.72,1734.909,1632585899999,73887024.93705,14517,631.688,26910935.10642,0
1632585900000,42506.73,42570.00,42359.14,42393.82,1978.875,1632586199999,84014691.17071,17143,927.782,39394225.72974,0
1632586200000,42395.11,42454.07,42340.00,42390.01,1781.240,1632586499999,75513507.67697,16987,950.119,40281524.86107,0
1632586500000,42390.01,42485.76,42357.00,42377.90,908.854,1632586799999,38565292.48489,10357,519.630,22051547.83241,0
1632586800000,42377.91,42441.62,42360.77,42408.82,566.366,1632587099999,24014510.11021,7094,324.915,13777648.27080,0
1632587100000,42408.82,42553.01,42398.49,42543.73,884.098,1632587399999,37560524.49584,8704,610.401,25934986.52427,0
1632587400000,42543.73,42658.44,42488.00,42649.69,1017.844,1632587699999,43330533.40947,10568,548.242,23344114.92621,0
1632587700000,42649.69,42719.00,42562.56,42609.57,1650.552,1632587999999,70395820.79042,13853,735.468,31368792.19831,0
1632588000000,42611.70,42620.00,42441.17,42463.02,1219.808,1632588299999,51868141.42097,9587,412.260,17526670.69709,0
1632588300000,42463.02,42663.73,42437.00,42631.00,869.793,1632588599999,37009267.46193,9722,534.956,22763243.26674,0
1632588600000,42631.01,42665.90,42584.52,42635.36,665.621,1632588899999,28368761.94060,7476,291.097,12407251.08136,0
1632588900000,42635.35,42654.15,42563.53,42610.78,470.714,1632589199999,20056576.18251,5420,174.482,7433967.39525,0
1632589200000,42610.79,42656.71,42523.95,42579.18,582.648,1632589499999,24808898.93913,6925,268.087,11417206.78564,0
1632589500000,42579.18,42646.68,42542.88,42637.63,527.891,1632589799999,22490758.22969,5895,326.225,13899932.71745,0
1632589800000,42637.64,42637.88,42502.63,42535.17,495.135,1632590099999,21069125.76624,5928,209.886,8929877.15473,0
1632590100000,42534.39,42650.00,42502.49,42648.98,641.556,1632590399999,27327694.06491,6358,371.440,15826982.81265,0
1632590400000,42648.99,42648.99,42608.49,42633.91,309.311,1632590699999,13185070.15633,4335,106.685,4548035.97729,0
1632590700000,42635.03,42660.00,42600.00,42654.86,458.654,1632590999999,19554244.84728,4732,281.535,12004407.88621,0
1632591000000,42654.87,42693.39,42609.92,42680.01,628.380,1632591299999,26807339.15442,6535,392.966,16765647.04279,0
1632591300000,42680.00,42695.30,42600.00,42616.00,502.544,1632591599999,21429301.52485,5391,164.374,7010161.92533,0
1632591600000,42616.01,42617.51,42550.48,42566.21,623.880,1632591899999,26564663.38430,6908,266.810,11360662.56648,0
1632591900000,42566.03,42603.48,42522.58,42565.57,353.642,1632592199999,15051728.93626,5211,197.930,8425001.60880,0
1632592200000,42566.68,42677.00,42565.57,42620.26,462.689,1632592499999,19724263.93897,5767,247.737,10560530.38476,0
1632592500000,42620.25,42662.69,42563.84,42574.39,472.314,1632592799999,20125045.49587,5415,214.187,9125466.50667,0
1632592800000,42574.39,42644.00,42560.72,42622.30,270.716,1632593099999,11532654.59711,4414,138.153,5885264.13090,0
1632593100000,42622.30,42686.38,42610.01,42682.15,380.733,1632593399999,16239111.95516,4530,209.438,8933650.29086,0
1632593400000,42682.15,42799.87,42632.54,42739.96,1204.166,1632593699999,51449735.93310,10179,930.118,39745000.59105,0
1632593700000,42739.99,42800.00,42651.23,42660.76,893.570,1632593999999,38167304.11047,9110,409.719,17504777.90689,0
1632594000000,42660.47,42675.86,42409.41,42456.47,2868.948,1632594299999,121958840.25340,20968,921.030,39134857.48938,0
1632594300000,42456.48,42561.61,42451.00,42517.69,887.439,1632594599999,37724440.58752,9050,550.669,23408562.06966,0
1632594600000,42517.69,42568.97,42465.00,42492.33,1048.127,1632594899999,44552848.62336,8166,548.608,23321226.75150,0
1632594900000,42492.32,42685.08,42450.00,42662.00,2220.787,1632595199999,94585668.51623,14134,1432.270,61005315.71422,0
1632595200000,42663.55,42669.42,42496.05,42525.02,959.045,1632595499999,40825244.59589,8134,376.729,16033449.76774,0
1632595500000,42525.02,42591.13,42424.49,42567.86,1004.177,1632595799999,42671263.74306,7769,385.707,16400781.91162,0
1632595800000,42567.87,42663.73,42551.00,42621.09,645.922,1632596099999,27522729.79559,6904,301.618,12852172.16845,0
1632596100000,42621.26,42630.65,42531.48,42556.25,499.956,1632596399999,21285630.90064,5619,204.833,8719871.42003,0
1632596400000,42556.25,42592.37,42480.21,42558.44,651.470,1632596699999,27709083.76762,5930,326.389,13884223.78667,0
1632596700000,42558.45,42650.00,42555.84,42635.26,512.105,1632596999999,21817818.17587,4669,358.126,15259124.20421,0
1632597000000,42635.26,42692.93,42620.08,42676.81,618.628,1632597299999,26384932.80626,6529,313.158,13357229.03378,0
1632597300000,42677.65,42678.75,42573.01,42608.65,513.016,1632597599999,21861733.99981,5251,172.527,7351224.24779,0
1632597600000,42608.66,42671.30,42608.65,42648.94,263.489,1632597899999,11237313.11244,4598,118.268,5043876.88115,0
1632597900000,42648.94,42676.59,42600.00,42666.00,240.147,1632598199999,10241421.05042,4569,99.744,4253858.10150,0
1632598200000,42668.12,42737.00,42650.79,42736.99,672.117,1632598499999,28697937.71999,7882,403.918,17246956.09221,0
1632598500000,42736.59,42744.00,42677.55,42677.83,508.001,1632598799999,21698091.16299,6109,202.848,8664500.68288,0
1632598800000,42677.83,42679.96,42618.33,42659.82,391.275,1632599099999,16685112.91405,5088,157.353,6710203.15558,0
1632599100000,42659.82,42675.99,42601.00,42667.53,342.922,1632599399999,14619951.19375,4389,209.540,8933164.00112,0
1632599400000,42667.53,42696.68,42661.62,42689.99,171.541,1632599699999,7321624.01691,3102,105.391,4498166.98270,0
1632599700000,42689.98,42700.00,42570.24,42637.26,426.049,1632599999999,18159096.59380,5171,189.341,8071026.61731,0
1632600000000,42637.02,42666.87,42560.07,42606.29,584.405,1632600299999,24895941.96203,6422,326.182,13894220.53937,0
1632600300000,42606.29,42629.44,42560.00,42582.63,356.384,1632600599999,15176370.89730,4520,201.702,8589792.51991,0
1632600600000,42582.62,42597.14,42540.00,42582.51,282.897,1632600899999,12042291.49046,4579,139.460,5936976.27705,0
1632600900000,42582.51,42616.95,42506.63,42577.27,554.847,1632601199999,23608821.41330,6683,260.136,11068573.87540,0
1632601200000,42577.28,42586.33,42537.67,42570.50,183.465,1632601499999,7807799.31046,3667,96.517,4107604.77604,0
1632601500000,42570.50,42606.00,42515.00,42528.84,323.522,1632601799999,13766896.81942,4815,192.671,8199265.36992,0
1632601800000,42528.83,42620.00,42526.43,42617.98,330.211,1632602099999,14062441.77773,4917,210.347,8958471.23971,0
1632602100000,42617.98,42792.00,42601.97,42731.70,1139.093,1632602399999,48668186.39134,11574,620.047,26489466.11320,0
1632602400000,42731.71,42734.96,42640.00,42698.15,627.801,1632602699999,26805592.30978,7306,270.317,11541137.59312,0
1632602700000,42698.15,42751.51,42600.00,42602.14,523.642,1632602999999,22354405.95585,6086,240.969,10291354.93186,0
1632603000000,42602.14,42700.00,42590.18,42692.09,489.741,1632603299999,20878321.31740,6191,303.667,12947264.65695,0
1632603300000,42692.81,42734.99,42611.45,42623.45,300.065,1632603599999,12807667.36636,5120,125.666,5363275.00722,0
1632603600000,42623.44,42651.86,42559.32,42603.24,516.014,1632603899999,21979170.54312,6590,257.466,10967905.03606,0
1632603900000,42603.24,42640.00,42550.00,42556.72,581.278,1632604199999,24753583.52207,5811,238.338,10150844.86069,0
1632604200000,42560.00,42603.06,42551.89,42572.00,277.333,1632604499999,11805889.80864,3919,164.835,7017150.44333,0
1632604500000,42572.00,42573.63,42356.00,42400.53,2196.365,1632604799999,93227077.73021,19486,795.275,33740122.18170,0
1632604800000,42396.29,42522.10,42390.82,42515.36,584.948,1632605099999,24836121.01015,7277,426.302,18102828.42353,0
1632605100000,42515.31,42539.20,42478.53,42482.01,459.366,1632605399999,19528318.49338,5096,199.329,8475234.61764,0
